2020-05-29 15:11:19,637,637 DEBUG    [ac_db.py:697] 00000000 00000001 00010001 10000111 00100000 00000001 01100000 00000000 11000000 00000000 00000000 00100000 00000000 00010000 00000000 00000000 01110100 10101101 00000000 00000000 00000000 00000000 00000000
2020-05-29 15:11:20,659,659 DEBUG    [ac_db.py:697] 00000000 00000001 00010001 10000111 00100000 00000001 01100000 00000000 11000000 00000000 00000000 00100000 00000000 00010000 00000000 00000000 01110100 10101101 00000000 00000000 00000000 00000000 00000000
2020-05-29 15:11:26,688,688 DEBUG    [ac_db.py:697] 00000000 00000001 00010001 10000111 00100000 00000001 01100000 00000000 11000000 00000000 00000000 00100000 00000000 00010000 00000000 00000000 01110100 10101101 00000000 00000000 00000000 00000000 00000000
2020-05-29 15:11:27,712,712 DEBUG    [ac_db.py:697] 00000000 00000001 00010001 10000111 00100000 00000001 01100000 00000000 11000000 00000000 00000000 00100000 00000000 00010000 00000000 00000000 01110100 10101101 00000000 00000000 00000000 00000000 00000000
2020-05-29 15:11:33,741,741 DEBUG    [ac_db.py:697] 00000000 00000001 00010001 10000111 00100000 00000001 01100000 00000000 11000000 00000000 00000000 00100000 00000000 00010000 00000000 00000000 01110100 10101101 00000000 00000000 00000000 00000000 00000000
2020-05-29 15:11:34,765,765 DEBUG    [ac_db.py:697] 00000000 00000001 00010001 10000111 00100000 00000001 01100000 00000000 11000000 00000000 00000000 00100000 00000000 00010000 00000000 00000000 01110100 10101101 00000000 00000000 00000000 00000000 00000000
2020-05-29 15:11:40,796,796 DEBUG    [ac_db.py:697] 00000000 00000001 00010001 10000111 00100000 00000001 01100000 00000000 11000000 00000000 00000000 00100000 00000000 00010000 00000000 00000000 01110100 10101101 00000000 00000000 00000000 00000000 00000000
2020-05-29 15:11:41,821,821 DEBUG    [ac_db.py:697] 00000000 00000001 00010001 10000111 00100000 00000001 01100000 00000000 11000000 00000000 00000000 00100000 00000000 00010000 00000000 00000000 01110100 10101101 10110110 00111101 11100111 00001001 11011111
2020-05-29 15:11:47,852,852 DEBUG    [ac_db.py:697] 00000000 00000001 00010001 10000111 00100000 00000001 01100000 00000000 11000000 00000000 00000000 00100000 00000000 00010000 00000000 00000000 01110100 10101101 10100010 11011010 11010010 00110011 10001101
2020-05-29 15:11:48,878,878 DEBUG    [ac_db.py:697] 00000000 00000001 00010001 10000111 00100000 00000001 01100000 00000000 11000000 00000000 00000000 00100000 00000000 00010000 00000000 00000000 01110100 10101101 00000000 00000000 00000000 00000000 00000000
2020-05-29 15:11:54,909,909 DEBUG    [ac_db.py:697] 00000000 00000001 00010001 10000111 00100000 00000010 01100000 00000000 11000000 00000000 00000000 00100000 00000000 00010000 00000000 00000000 01110011 10101101 00000000 00000000 00000000 00000000 00000000
2020-05-29 15:11:55,937,937 DEBUG    [ac_db.py:697] 00000000 00000001 00010001 10000111 00100000 00000001 01100000 00000000 11000000 00000000 00000000 00100000 00000000 00010000 00000000 00000000 01110100 10101101 00000000 00000000 00000000 00000000 00000000
2020-05-29 15:12:01,970,970 DEBUG    [ac_db.py:697] 00000000 00000001 00010001 10000111 00100000 00000010 01100000 00000000 11000000 00000000 00000000 00100000 00000000 00010000 00000000 00000000 01110011 10101101 00000000 00000000 00000000 00000000 00000000
2020-05-29 15:12:02,987,987 DEBUG    [ac_db.py:697] 00000000 00000001 00010001 10000111 00100000 00000001 01100000 00000000 11000000 00000000 00000000 00100000 00000000 00010000 00000000 00000000 01110100 10101101 00000000 00000000 00000000 00000000 00000000
2020-05-29 15:12:09,020,20 DEBUG    [ac_db.py:697] 00000000 00000001 00010001 10000111 00100000 00000010 01100000 00000000 11000000 00000000 00000000 00100000 00000000 00010000 00000000 00000000 01110011 10101101 00000000 00000000 00000000 00000000 00000000
2020-05-29 15:12:10,049,49 DEBUG    [ac_db.py:697] 00000000 00000001 00010001 10000111 00100000 00000001 01100000 00000000 11000000 00000000 00000000 00100000 00000000 00010000 00000000 00000000 01110100 10101101 00000000 00000000 00000000 00000000 00000000
2020-05-29 15:12:17,085,85 DEBUG    [ac_db.py:697] 00000000 00000001 00010001 10000111 00100000 00000010 01100000 00000000 11000000 00000000 00000000 00100000 00000000 00010000 00000000 00000000 01110011 10101101 01111100 11101001 10100110 10111111 01011111
2020-05-29 15:12:23,118,118 DEBUG    [ac_db.py:697] 00000000 00000001 00010001 10000111 00100000 00000010 01100000 00000000 11000000 00000000 00000000 00100000 00000000 00010000 00000000 00000000 01110011 10101101 01000100 10001110 11111010 11010110 01011001
2020-05-29 15:12:24,145,145 DEBUG    [ac_db.py:697] 00000000 00000001 00010001 10000111 00100000 00000010 01100000 00000000 11000000 00000000 00000000 00100000 00000000 00010000 00000000 00000000 01110011 10101101 00000000 00000000 00000000 00000000 00000000
2020-05-29 15:12:30,174,174 DEBUG    [ac_db.py:697] 00000000 00000001 00010001 10000111 00100000 00000010 01100000 00000000 11000000 00000000 00000000 00100000 00000000 00010000 00000000 00000000 01110011 10101101 00000000 00000000 00000000 00000000 00000000
2020-05-29 15:12:31,197,197 DEBUG    [ac_db.py:697] 00000000 00000001 00010001 10000111 00100000 00000010 01100000 00000000 11000000 00000000 00000000 00100000 00000000 00010000 00000000 00000000 01110011 10101101 00000000 00000000 00000000 00000000 00000000
2020-05-29 15:12:37,225,225 DEBUG    [ac_db.py:697] 00000000 00000001 00010001 10000111 00100000 00000010 01100000 00000000 11000000 00000000 00000000 00100000 00000000 00010000 00000000 00000000 01110011 10101101 00000000 00000000 00000000 00000000 00000000
2020-05-29 15:12:38,248,248 DEBUG    [ac_db.py:697] 00000000 00000001 00010001 10000111 00100000 00000010 01100000 00000000 11000000 00000000 00000000 00100000 00000000 00010000 00000000 00000000 01110011 10101101 00000000 00000000 00000000 00000000 00000000
2020-05-29 15:12:44,277,277 DEBUG    [ac_db.py:697] 00000000 00000001 00010001 10000111 00100000 00000010 01100000 00000000 11000000 00000000 00000000 00100000 00000000 00010000 00000000 00000000 01110011 10101101 00000000 00000000 00000000 00000000 00000000
2020-05-29 15:12:45,301,301 DEBUG    [ac_db.py:697] 00000000 00000001 00010001 10000111 00100000 00000010 01100000 00000000 11000000 00000000 00000000 00100000 00000000 00010000 00000000 00000000 01110011 10101101 00000000 00000000 00000000 00000000 00000000
2020-05-29 15:12:51,330,330 DEBUG    [ac_db.py:697] 00000000 00000001 00010001 10000111 00100000 00000011 01100000 00000000 11000000 00000000 00000000 00100000 00000000 00010000 00000000 00000000 01110010 10101101 00000000 00000000 00000000 00000000 00000000
2020-05-29 15:12:52,358,358 DEBUG    [ac_db.py:697] 00000000 00000001 00010001 10000111 00100000 00000010 01100000 00000000 11000000 00000000 00000000 00100000 00000000 00010000 00000000 00000000 01110011 10101101 00000000 00000000 00000000 00000000 00000000
2020-05-29 15:12:58,395,395 DEBUG    [ac_db.py:697] 00000000 00000001 00010001 10000111 00100000 00000011 01100000 00000000 11000000 00000000 00000000 00100000 00000000 00010000 00000000 00000000 01110010 10101101 00011111 00111100 11101101 10001110 10011100
2020-05-29 15:12:59,426,426 DEBUG    [ac_db.py:697] 00000000 00000001 00010001 10000111 00100000 00000010 01100000 00000000 11000000 00000000 00000000 00100000 00000000 00010000 00000000 00000000 01110011 10101101 00011111 10010001 00101111 00100011 11111101
2020-05-29 15:13:05,464,464 DEBUG    [ac_db.py:697] 00000000 00000001 00010001 10000111 00100000 00000011 01100000 00000000 11000000 00000000 00000000 00100000 00000000 00010000 00000000 00000000 01110010 10101101 00000000 00000000 00000000 00000000 00000000
2020-05-29 15:13:06,495,495 DEBUG    [ac_db.py:697] 00000000 00000001 00010001 10000111 00100000 00000010 01100000 00000000 11000000 00000000 00000000 00100000 00000000 00010000 00000000 00000000 01110011 10101101 00111011 00110000 00000000 00000000 00000000
2020-05-29 15:13:12,532,532 DEBUG    [ac_db.py:697] 00000000 00000001 00010001 10000111 00100000 00000011 01100000 00000000 11000000 00000000 00000000 00100000 00000000 00010000 00000000 00000000 01110010 10101101 00000000 00000000 00000000 00000000 00000000
2020-05-29 15:13:13,562,562 DEBUG    [ac_db.py:697] 00000000 00000001 00010001 10000111 00100000 00000010 01100000 00000000 11000000 00000000 00000000 00100000 00000000 00010000 00000000 00000000 01110011 10101101 00110001 00110001 01010101 01101001 01000001
2020-05-29 15:13:19,600,600 DEBUG    [ac_db.py:697] 00000000 00000001 00010001 10000111 00100000 00000011 01100000 00000000 11000000 00000000 00000000 00100000 00000000 00010000 00000000 00000000 01110010 10101101 00111001 11111111 00011101 00000010 11101111
2020-05-29 15:13:20,625,625 DEBUG    [ac_db.py:697] 00000000 00000001 00010001 10000111 00100000 00000011 01100000 00000000 11000000 00000000 00000000 00100000 00000000 00010000 00000000 00000000 01110010 10101101 00000000 00000000 00000000 00000000 00000000
2020-05-29 15:13:26,660,660 DEBUG    [ac_db.py:697] 00000000 00000001 00010001 10000111 00100000 00000011 01100000 00000000 11000000 00000000 00000000 00100000 00000000 00010000 00000000 00000000 01110010 10101101 00111011 00110000 00000000 00000000 00000000
2020-05-29 15:13:27,686,686 DEBUG    [ac_db.py:697] 00000000 00000001 00010001 10000111 00100000 00000011 01100000 00000000 11000000 00000000 00000000 00100000 00000000 00010000 00000000 00000000 01110010 10101101 01111111 01111110 10111010 11100111 01001111
2020-05-29 15:13:33,715,715 DEBUG    [ac_db.py:697] 00000000 00000001 00010001 10000111 00100000 00000011 01100000 00000000 11000000 00000000 00000000 00100000 00000000 00010000 00000000 00000000 01110010 10101101 00110001 00110001 01010101 01101001 01000001
2020-05-29 15:13:34,747,747 DEBUG    [ac_db.py:697] 00000000 00000001 00010001 10000111 00100000 00000011 01100000 00000000 11000000 00000000 00000000 00100000 00000000 00010000 00000000 00000000 01110010 10101101 00111011 00110000 00000000 00000000 00000000
2020-05-29 15:13:40,784,784 DEBUG    [ac_db.py:697] 00000000 00000001 00010001 10000111 00100000 00000011 01100000 00000000 11000000 00000000 00000000 00100000 00000000 00010000 00000000 00000000 01110010 10101101 00000000 00000000 00000000 00000000 00000000
2020-05-29 15:13:41,815,815 DEBUG    [ac_db.py:697] 00000000 00000001 00010001 10000111 00100000 00000011 01100000 00000000 11000000 00000000 00000000 00100000 00000000 00010000 00000000 00000000 01110010 10101101 10110100 00111011 11111011 01000101 01110111
2020-05-29 15:13:47,853,853 DEBUG    [ac_db.py:697] 00000000 00000001 00010001 10000111 00100000 00000100 01100000 00000000 11000000 00000000 00000000 00100000 00000000 00010000 00000000 00000000 01110001 10101101 00000000 00000000 00000000 00000000 00000000
2020-05-29 15:13:48,883,883 DEBUG    [ac_db.py:697] 00000000 00000001 00010001 10000111 00100000 00000011 01100000 00000000 11000000 00000000 00000000 00100000 00000000 00010000 00000000 00000000 01110010 10101101 01111010 01111000 10101100 00011110 01001000
2020-05-29 15:13:54,921,921 DEBUG    [ac_db.py:697] 00000000 00000001 00010001 10000111 00100000 00000100 01100000 00000000 11000000 00000000 00000000 00100000 00000000 00010000 00000000 00000000 01110001 10101101 10011010 01001100 10000111 10100011 00000010
2020-05-29 15:13:55,950,950 DEBUG    [ac_db.py:697] 00000000 00000001 00010001 10000111 00100000 00000011 01100000 00000000 11000000 00000000 00000000 00100000 00000000 00010000 00000000 00000000 01110010 10101101 00111110 00101100 00001011 01111101 01001001
2020-05-29 15:14:01,984,984 DEBUG    [ac_db.py:697] 00000000 00000001 00010001 10000111 00100000 00000100 01100000 00000000 11000000 00000000 00000000 00100000 00000000 00010000 00000000 00000000 01110001 10101101 01111010 11100100 11001011 01010101 10001100
2020-05-29 15:14:03,000,0 DEBUG    [ac_db.py:697] 00000000 00000001 00010001 10000111 00100000 00000011 01100000 00000000 11000000 00000000 00000000 00100000 00000000 00010000 00000000 00000000 01110010 10101101 10111110 10010010 01100100 00100100 11001111
2020-05-29 15:14:09,034,34 DEBUG    [ac_db.py:697] 00000000 00000001 00010001 10000111 00100000 00000100 01100000 00000000 11000000 00000000 00000000 00100000 00000000 00010000 00000000 00000000 01110001 10101101 01110010 11001110 11111010 00101010 01010110
2020-05-29 15:14:10,057,57 DEBUG    [ac_db.py:697] 00000000 00000001 00010001 10000111 00100000 00000011 01100000 00000000 11000000 00000000 00000000 00100000 00000000 00010000 00000000 00000000 01110010 10101101 00110001 00110001 01010101 01101001 01000001
2020-05-29 15:14:16,082,82 DEBUG    [ac_db.py:697] 00000000 00000001 00010001 10000111 00100000 00000100 01100000 00000000 11000000 00000000 00000000 00100000 00000000 00010000 00000000 00000000 01110001 10101101 01100100 00011110 10101000 11111100 00101000
2020-05-29 15:14:17,108,108 DEBUG    [ac_db.py:697] 00000000 00000001 00010001 10000111 00100000 00000100 01100000 00000000 11000000 00000000 00000000 00100000 00000000 00010000 00000000 00000000 01110001 10101101 00011101 01101111 01000111 11111010 11001000
2020-05-29 15:14:23,137,137 DEBUG    [ac_db.py:697] 00000000 00000001 00010001 10000111 00100000 00000100 01100000 00000000 11000000 00000000 00000000 00100000 00000000 00010000 00000000 00000000 01110001 10101101 00010001 10010110 10110111 10000011 10010101
2020-05-29 15:14:24,161,161 DEBUG    [ac_db.py:697] 00000000 00000001 00010001 10000111 00100000 00000100 01100000 00000000 11000000 00000000 00000000 00100000 00000000 00010000 00000000 00000000 01110001 10101101 00000000 00000000 00000000 00000000 00000000
2020-05-29 15:14:30,190,190 DEBUG    [ac_db.py:697] 00000000 00000001 00010001 10000111 00100000 00000100 01100000 00000000 11000000 00000000 00000000 00100000 00000000 00010000 00000000 00000000 01110001 10101101 00110001 00110001 01010101 01101001 01000001
2020-05-29 15:14:31,221,221 DEBUG    [ac_db.py:697] 00000000 00000001 00010001 10000111 00100000 00000100 01100000 00000000 11000000 00000000 00000000 00100000 00000000 00010000 00000000 00000000 01110001 10101101 00000000 00000000 00000000 00000000 00000000
