2020-05-29 15:09:26,750,750 DEBUG    [ac_db.py:697] 00000000 00000001 00010001 01010111 00100000 00001111 01100000 00000000 11000000 00000000 00000000 00000000 00000000 00010000 00000000 00000000 10110110 10101101 00000000 00000000 00000000 00000000 00000000
2020-05-29 15:09:27,776,776 DEBUG    [ac_db.py:697] 00000000 00000001 00010001 01010111 00100000 00010001 10100000 00000000 11000000 00000000 00000000 00000000 00000000 00010000 00000000 00000000 10110100 01101101 00000000 00000000 00000000 00000000 00000000
2020-05-29 15:09:33,807,807 DEBUG    [ac_db.py:697] 00000000 00000001 00010001 01010111 00100000 00001111 01100000 00000000 11000000 00000000 00000000 00000000 00000000 00010000 00000000 00000000 10110110 10101101 00000000 00000000 00000000 00000000 00000000
2020-05-29 15:09:34,833,833 DEBUG    [ac_db.py:697] 00000000 00000001 00010001 01010111 00100000 00010001 10100000 00000000 11000000 00000000 00000000 00000000 00000000 00010000 00000000 00000000 10110100 01101101 00000000 00000000 00000000 00000000 00000000
2020-05-29 15:09:40,862,862 DEBUG    [ac_db.py:697] 00000000 00000001 00010001 01010111 00100000 00001111 01100000 00000000 11000000 00000000 00000000 00000000 00000000 00010000 00000000 00000000 10110110 10101101 00000000 00000000 00000000 00000000 00000000
2020-05-29 15:09:41,888,888 DEBUG    [ac_db.py:697] 00000000 00000001 00010001 01010111 00100000 00010001 10100000 00000000 11000000 00000000 00000000 00000000 00000000 00010000 00000000 00000000 10110100 01101101 01000000 00011101 11001100 01100100 11011011
2020-05-29 15:09:47,918,918 DEBUG    [ac_db.py:697] 00000000 00000001 00010001 01010111 00100000 00001111 01100000 00000000 11000000 00000000 00000000 00000000 00000000 00010000 00000000 00000000 10110110 10101101 01000000 10001010 00000110 01001001 00000110
2020-05-29 15:09:48,941,941 DEBUG    [ac_db.py:697] 00000000 00000001 00010001 01010111 00100000 00010001 10100000 00000000 11000000 00000000 00000000 00000000 00000000 00010000 00000000 00000000 10110100 01101101 00000000 00000000 00000000 00000000 00000000
2020-05-29 15:09:54,972,972 DEBUG    [ac_db.py:697] 00000000 00000001 00010001 01010111 00100000 00010000 01100000 00000000 11000000 00000000 00000000 00000000 00000000 00010000 00000000 00000000 10110101 10101101 00000000 00000000 00000000 00000000 00000000
2020-05-29 15:09:55,997,997 DEBUG    [ac_db.py:697] 00000000 00000001 00010001 01010111 00100000 00010001 10100000 00000000 11000000 00000000 00000000 00000000 00000000 00010000 00000000 00000000 10110100 01101101 00000000 00000000 00000000 00000000 00000000
2020-05-29 15:10:02,026,26 DEBUG    [ac_db.py:697] 00000000 00000001 00010001 01010111 00100000 00010000 01100000 00000000 11000000 00000000 00000000 00000000 00000000 00010000 00000000 00000000 10110101 10101101 00000000 00000000 00000000 00000000 00000000
2020-05-29 15:10:03,040,40 DEBUG    [ac_db.py:697] 00000000 00000001 00010001 01010111 00100000 00010001 10100000 00000000 11000000 00000000 00000000 00000000 00000000 00010000 00000000 00000000 10110100 01101101 00111011 00110000 00000000 00000000 00000000
2020-05-29 15:10:09,070,70 DEBUG    [ac_db.py:697] 00000000 00000001 00010001 01010111 00100000 00010000 01100000 00000000 11000000 00000000 00000000 00000000 00000000 00010000 00000000 00000000 10110101 10101101 00000000 00000000 00000000 00000000 00000000
2020-05-29 15:10:10,093,93 DEBUG    [ac_db.py:697] 00000000 00000001 00010001 01010111 00100000 00010001 10100000 00000000 11000000 00000000 00000000 00000000 00000000 00010000 00000000 00000000 10110100 01101101 00000000 00000000 00000000 00000000 00000000
2020-05-29 15:10:16,122,122 DEBUG    [ac_db.py:697] 00000000 00000001 00010001 01010111 00100000 00010000 01100000 00000000 11000000 00000000 00000000 00000000 00000000 00010000 00000000 00000000 10110101 10101101 00000000 00000000 00000000 00000000 00000000
2020-05-29 15:10:17,146,146 DEBUG    [ac_db.py:697] 00000000 00000001 00010001 01010111 00100000 00010001 10100000 00000000 11000000 00000000 00000000 00000000 00000000 00010000 00000000 00000000 10110100 01101101 10010001 11100001 11101011 11010010 00000110
2020-05-29 15:10:23,175,175 DEBUG    [ac_db.py:697] 00000000 00000001 00010001 01010111 00100000 00010000 01100000 00000000 11000000 00000000 00000000 00000000 00000000 00010000 00000000 00000000 10110101 10101101 10011100 10110110 00100001 01101010 00011001
2020-05-29 15:10:24,202,202 DEBUG    [ac_db.py:697] 00000000 00000001 00010001 10000111 00100000 00000000 01100000 00000000 11000000 00000000 00000000 00000000 00000000 00010000 00000000 00000000 10010101 10101101 00000000 00000000 00000000 00000000 00000000
2020-05-29 15:10:30,232,232 DEBUG    [ac_db.py:697] 00000000 00000001 00010001 01010111 00100000 00010000 01100000 00000000 11000000 00000000 00000000 00000000 00000000 00010000 00000000 00000000 10110101 10101101 00000000 00000000 00000000 00000000 00000000
2020-05-29 15:10:31,255,255 DEBUG    [ac_db.py:697] 00000000 00000001 00010001 10000111 00100000 00000000 01100000 00000000 11000000 00000000 00000000 00100000 00000000 00010000 00000000 00000000 01110101 10101101 00000000 00000000 00000000 00000000 00000000
2020-05-29 15:10:37,285,285 DEBUG    [ac_db.py:697] 00000000 00000001 00010001 10000111 00100000 00000000 00100000 00000000 11000000 00000000 00000000 00100000 00000000 00010000 00000000 00000000 01110101 11101101 00000000 00000000 00000000 00000000 00000000
2020-05-29 15:10:38,309,309 DEBUG    [ac_db.py:697] 00000000 00000001 00010001 10000111 00100000 00000000 01100000 00000000 11000000 00000000 00000000 00100000 00000000 00010000 00000000 00000000 01110101 10101101 00000000 00000000 00000000 00000000 00000000
2020-05-29 15:10:44,338,338 DEBUG    [ac_db.py:697] 00000000 00000001 00010001 10000111 00100000 00000000 01100000 00000000 11000000 00000000 00000000 00100000 00000000 00010000 00000000 00000000 01110101 10101101 00000000 00000000 00000000 00000000 00000000
2020-05-29 15:10:45,364,364 DEBUG    [ac_db.py:697] 00000000 00000001 00010001 10000111 00100000 00000000 01100000 00000000 11000000 00000000 00000000 00100000 00000000 00010000 00000000 00000000 01110101 10101101 00000000 00000000 00000000 00000000 00000000
2020-05-29 15:10:51,402,402 DEBUG    [ac_db.py:697] 00000000 00000001 00010001 10000111 00100000 00000001 01100000 00000000 11000000 00000000 00000000 00100000 00000000 00010000 00000000 00000000 01110100 10101101 00000000 00000000 00000000 00000000 00000000
2020-05-29 15:10:52,429,429 DEBUG    [ac_db.py:697] 00000000 00000001 00010001 10000111 00100000 00000000 01100000 00000000 11000000 00000000 00000000 00100000 00000000 00010000 00000000 00000000 01110101 10101101 00000000 00000000 00000000 00000000 00000000
2020-05-29 15:10:58,464,464 DEBUG    [ac_db.py:697] 00000000 00000001 00010001 10000111 00100000 00000001 01100000 00000000 11000000 00000000 00000000 00100000 00000000 00010000 00000000 00000000 01110100 10101101 10001101 00011011 00111111 00100010 00010000
2020-05-29 15:10:59,491,491 DEBUG    [ac_db.py:697] 00000000 00000001 00010001 10000111 00100000 00000000 01100000 00000000 11000000 00000000 00000000 00100000 00000000 00010000 00000000 00000000 01110101 10101101 00000000 00000000 00000000 00000000 00000000
2020-05-29 15:11:05,522,522 DEBUG    [ac_db.py:697] 00000000 00000001 00010001 10000111 00100000 00000001 01100000 00000000 11000000 00000000 00000000 00100000 00000000 00010000 00000000 00000000 01110100 10101101 00000000 00000000 00000000 00000000 00000000
2020-05-29 15:11:06,549,549 DEBUG    [ac_db.py:697] 00000000 00000001 00010001 10000111 00100000 00000000 01100000 00000000 11000000 00000000 00000000 00100000 00000000 00010000 00000000 00000000 01110101 10101101 11000110 11100101 01101011 00010100 10011001
2020-05-29 15:11:12,579,579 DEBUG    [ac_db.py:697] 00000000 00000001 00010001 10000111 00100000 00000001 01100000 00000000 11000000 00000000 00000000 00100000 00000000 00010000 00000000 00000000 01110100 10101101 00000000 00000000 00000000 00000000 00000000
2020-05-29 15:11:13,605,605 DEBUG    [ac_db.py:697] 00000000 00000001 00010001 10000111 00100000 00000000 01100000 00000000 11000000 00000000 00000000 00100000 00000000 00010000 00000000 00000000 01110101 10101101 00000000 00000000 00000000 00000000 00000000
2020-05-29 15:11:19,637,637 DEBUG    [ac_db.py:697] 00000000 00000001 00010001 10000111 00100000 00000001 01100000 00000000 11000000 00000000 00000000 00100000 00000000 00010000 00000000 00000000 01110100 10101101 00000000 00000000 00000000 00000000 00000000
2020-05-29 15:11:20,659,659 DEBUG    [ac_db.py:697] 00000000 00000001 00010001 10000111 00100000 00000001 01100000 00000000 11000000 00000000 00000000 00100000 00000000 00010000 00000000 00000000 01110100 10101101 00000000 00000000 00000000 00000000 00000000
2020-05-29 15:11:26,688,688 DEBUG    [ac_db.py:697] 00000000 00000001 00010001 10000111 00100000 00000001 01100000 00000000 11000000 00000000 00000000 00100000 00000000 00010000 00000000 00000000 01110100 10101101 00000000 00000000 00000000 00000000 00000000
2020-05-29 15:11:27,712,712 DEBUG    [ac_db.py:697] 00000000 00000001 00010001 10000111 00100000 00000001 01100000 00000000 11000000 00000000 00000000 00100000 00000000 00010000 00000000 00000000 01110100 10101101 00000000 00000000 00000000 00000000 00000000
2020-05-29 15:11:33,741,741 DEBUG    [ac_db.py:697] 00000000 00000001 00010001 10000111 00100000 00000001 01100000 00000000 11000000 00000000 00000000 00100000 00000000 00010000 00000000 00000000 01110100 10101101 00000000 00000000 00000000 00000000 00000000
2020-05-29 15:11:34,765,765 DEBUG    [ac_db.py:697] 00000000 00000001 00010001 10000111 00100000 00000001 01100000 00000000 11000000 00000000 00000000 00100000 00000000 00010000 00000000 00000000 01110100 10101101 00000000 00000000 00000000 00000000 00000000
2020-05-29 15:11:40,796,796 DEBUG    [ac_db.py:697] 00000000 00000001 00010001 10000111 00100000 00000001 01100000 00000000 11000000 00000000 00000000 00100000 00000000 00010000 00000000 00000000 01110100 10101101 00000000 00000000 00000000 00000000 00000000
2020-05-29 15:11:41,821,821 DEBUG    [ac_db.py:697] 00000000 00000001 00010001 10000111 00100000 00000001 01100000 00000000 11000000 00000000 00000000 00100000 00000000 00010000 00000000 00000000 01110100 10101101 10110110 00111101 11100111 00001001 11011111
2020-05-29 15:11:47,852,852 DEBUG    [ac_db.py:697] 00000000 00000001 00010001 10000111 00100000 00000001 01100000 00000000 11000000 00000000 00000000 00100000 00000000 00010000 00000000 00000000 01110100 10101101 10100010 11011010 11010010 00110011 10001101
2020-05-29 15:11:48,878,878 DEBUG    [ac_db.py:697] 00000000 00000001 00010001 10000111 00100000 00000001 01100000 00000000 11000000 00000000 00000000 00100000 00000000 00010000 00000000 00000000 01110100 10101101 00000000 00000000 00000000 00000000 00000000
2020-05-29 15:11:54,909,909 DEBUG    [ac_db.py:697] 00000000 00000001 00010001 10000111 00100000 00000010 01100000 00000000 11000000 00000000 00000000 00100000 00000000 00010000 00000000 00000000 01110011 10101101 00000000 00000000 00000000 00000000 00000000
2020-05-29 15:11:55,937,937 DEBUG    [ac_db.py:697] 00000000 00000001 00010001 10000111 00100000 00000001 01100000 00000000 11000000 00000000 00000000 00100000 00000000 00010000 00000000 00000000 01110100 10101101 00000000 00000000 00000000 00000000 00000000
2020-05-29 15:12:01,970,970 DEBUG    [ac_db.py:697] 00000000 00000001 00010001 10000111 00100000 00000010 01100000 00000000 11000000 00000000 00000000 00100000 00000000 00010000 00000000 00000000 01110011 10101101 00000000 00000000 00000000 00000000 00000000
2020-05-29 15:12:02,987,987 DEBUG    [ac_db.py:697] 00000000 00000001 00010001 10000111 00100000 00000001 01100000 00000000 11000000 00000000 00000000 00100000 00000000 00010000 00000000 00000000 01110100 10101101 00000000 00000000 00000000 00000000 00000000
2020-05-29 15:12:09,020,20 DEBUG    [ac_db.py:697] 00000000 00000001 00010001 10000111 00100000 00000010 01100000 00000000 11000000 00000000 00000000 00100000 00000000 00010000 00000000 00000000 01110011 10101101 00000000 00000000 00000000 00000000 00000000
2020-05-29 15:12:10,049,49 DEBUG    [ac_db.py:697] 00000000 00000001 00010001 10000111 00100000 00000001 01100000 00000000 11000000 00000000 00000000 00100000 00000000 00010000 00000000 00000000 01110100 10101101 00000000 00000000 00000000 00000000 00000000
2020-05-29 15:12:17,085,85 DEBUG    [ac_db.py:697] 00000000 00000001 00010001 10000111 00100000 00000010 01100000 00000000 11000000 00000000 00000000 00100000 00000000 00010000 00000000 00000000 01110011 10101101 01111100 11101001 10100110 10111111 01011111
2020-05-29 15:12:23,118,118 DEBUG    [ac_db.py:697] 00000000 00000001 00010001 10000111 00100000 00000010 01100000 00000000 11000000 00000000 00000000 00100000 00000000 00010000 00000000 00000000 01110011 10101101 01000100 10001110 11111010 11010110 01011001
2020-05-29 15:12:24,145,145 DEBUG    [ac_db.py:697] 00000000 00000001 00010001 10000111 00100000 00000010 01100000 00000000 11000000 00000000 00000000 00100000 00000000 00010000 00000000 00000000 01110011 10101101 00000000 00000000 00000000 00000000 00000000
2020-05-29 15:12:30,174,174 DEBUG    [ac_db.py:697] 00000000 00000001 00010001 10000111 00100000 00000010 01100000 00000000 11000000 00000000 00000000 00100000 00000000 00010000 00000000 00000000 01110011 10101101 00000000 00000000 00000000 00000000 00000000
2020-05-29 15:12:31,197,197 DEBUG    [ac_db.py:697] 00000000 00000001 00010001 10000111 00100000 00000010 01100000 00000000 11000000 00000000 00000000 00100000 00000000 00010000 00000000 00000000 01110011 10101101 00000000 00000000 00000000 00000000 00000000
2020-05-29 15:12:37,225,225 DEBUG    [ac_db.py:697] 00000000 00000001 00010001 10000111 00100000 00000010 01100000 00000000 11000000 00000000 00000000 00100000 00000000 00010000 00000000 00000000 01110011 10101101 00000000 00000000 00000000 00000000 00000000
2020-05-29 15:12:38,248,248 DEBUG    [ac_db.py:697] 00000000 00000001 00010001 10000111 00100000 00000010 01100000 00000000 11000000 00000000 00000000 00100000 00000000 00010000 00000000 00000000 01110011 10101101 00000000 00000000 00000000 00000000 00000000
