2020-05-29 15:01:45,705,705 DEBUG    [ac_db.py:697] 00000000 00000001 00010001 01010111 00100000 00001001 10100000 00000000 11000000 00000000 00000000 00000000 00000000 00010000 00000000 00000000 10111100 01101101 00000000 00000000 00000000 00000000 00000000
2020-05-29 15:01:52,007,7 DEBUG    [ac_db.py:697] 00000000 00000001 00010001 01010111 00100000 00001001 10100000 00000000 10000000 00000000 00000000 00000000 00000000 00010000 00000000 00000000 10111100 10101101 00000000 00000000 00000000 00000000 00000000
2020-05-29 15:01:53,324,324 DEBUG    [ac_db.py:697] 00000000 00000001 00010001 01010111 00100000 00001001 10100000 00000000 11000000 00000000 00000000 00000000 00000000 00010000 00000000 00000000 10111100 01101101 00000000 00000000 00000000 00000000 00000000
2020-05-29 15:01:59,625,625 DEBUG    [ac_db.py:697] 00000000 00000001 00010001 01010111 00100000 00001001 10100000 00000000 10000000 00000000 00000000 00000000 00000000 00010000 00000000 00000000 10111100 10101101 00000000 00000000 00000000 00000000 00000000
2020-05-29 15:02:00,934,934 DEBUG    [ac_db.py:697] 00000000 00000001 00010001 01010111 00100000 00001001 10100000 00000000 11000000 00000000 00000000 00000000 00000000 00010000 00000000 00000000 10111100 01101101 00000000 00000000 00000000 00000000 00000000
2020-05-29 15:02:07,228,228 DEBUG    [ac_db.py:697] 00000000 00000001 00010001 01010111 00100000 00001001 10100000 00000000 10000000 00000000 00000000 00000000 00000000 00010000 00000000 00000000 10111100 10101101 00000000 00000000 00000000 00000000 00000000
2020-05-29 15:02:14,865,865 DEBUG    [ac_db.py:697] 00000000 00000001 00010001 01010111 00100000 00001001 10100000 00000000 10000000 00000000 00000000 00000000 00000000 00010000 00000000 00000000 10111100 10101101 00000000 00000000 00000000 00000000 00000000
2020-05-29 15:02:16,157,157 DEBUG    [ac_db.py:697] 00000000 00000001 00010001 01010111 00100000 00001001 10100000 00000000 11000000 00000000 00000000 00000000 00000000 00010000 00000000 00000000 10111100 01101101 00000000 00000000 00000000 00000000 00000000
2020-05-29 15:02:22,509,509 DEBUG    [ac_db.py:697] 00000000 00000001 00010001 01010111 00100000 00001001 10100000 00000000 10000000 00000000 00000000 00000000 00000000 00010000 00000000 00000000 10111100 10101101 00000000 00000000 00000000 00000000 00000000
2020-05-29 15:02:23,954,954 DEBUG    [ac_db.py:697] 00000000 00000001 00010001 01010111 00100000 00001010 10100000 00000000 11000000 00000000 00000000 00000000 00000000 00010000 00000000 00000000 10111011 01101101 00111111 11101011 01110011 01000101 10000001
2020-05-29 15:02:30,611,611 DEBUG    [ac_db.py:697] 00000000 00000001 00010001 01010111 00100000 00001010 10100000 00000000 10000000 00000000 00000000 00000000 00000000 00010000 00000000 00000000 10111011 10101101 01101011 01111001 11100111 01001111 10010001
2020-05-29 15:02:31,910,910 DEBUG    [ac_db.py:697] 00000000 00000001 00010001 01010111 00100000 00001010 10100000 00000000 11000000 00000000 00000000 00000000 00000000 00010000 00000000 00000000 10111011 01101101 00000000 00000000 00000000 00000000 00000000
2020-05-29 15:02:38,219,219 DEBUG    [ac_db.py:697] 00000000 00000001 00010001 01010111 00100000 00001010 10100000 00000000 10000000 00000000 00000000 00100000 00000000 00010000 00000000 00000000 10011011 10101101 11101010 00011000 00001011 11110100 11101110
2020-05-29 15:02:39,524,524 DEBUG    [ac_db.py:697] 00000000 00000001 00010001 01010111 00100000 00001010 10100000 00000000 11000000 00000000 00000000 00000000 00000000 00010000 00000000 00000000 10111011 01101101 00000000 00000000 00000000 00000000 00000000
2020-05-29 15:03:14,042,42 DEBUG    [ac_db.py:697] 00000000 00000001 00010001 01010111 00100000 00001010 01100000 00000000 11000000 00000000 00000000 00100000 00000000 00010000 00000000 00000000 10011011 10101101 00000000 00000000 00000000 00000000 00000000
2020-05-29 15:03:15,335,335 DEBUG    [ac_db.py:697] 00000000 00000001 00010001 01010111 00100000 00001010 10100000 00000000 11000000 00000000 00000000 00000000 00000000 00010000 00000000 00000000 10111011 01101101 00000000 00000000 00000000 00000000 00000000
2020-05-29 15:03:23,657,657 DEBUG    [ac_db.py:697] 00000000 00000001 00010001 01010111 00100000 00001010 01100000 00000000 11000000 00000000 00000000 00100000 00000000 00010000 00000000 00000000 10011011 10101101 00000000 00000000 00000000 00000000 00000000
2020-05-29 15:03:24,955,955 DEBUG    [ac_db.py:697] 00000000 00000001 00010001 01010111 00100000 00001011 10100000 00000000 11000000 00000000 00000000 00000000 00000000 00010000 00000000 00000000 10111010 01101101 00000000 00000000 00000000 00000000 00000000
2020-05-29 15:03:30,993,993 DEBUG    [ac_db.py:697] 00000000 00000001 00010001 01010111 00100000 00001011 01100000 00000000 11000000 00000000 00000000 00000000 00000000 00010000 00000000 00000000 10111010 10101101 00000000 00000000 00000000 00000000 00000000
2020-05-29 15:03:32,296,296 DEBUG    [ac_db.py:697] 00000000 00000001 00010001 01010111 00100000 00001011 10100000 00000000 11000000 00000000 00000000 00000000 00000000 00010000 00000000 00000000 10111010 01101101 00000000 00000000 00000000 00000000 00000000
2020-05-29 15:03:38,333,333 DEBUG    [ac_db.py:697] 00000000 00000001 00010001 01010111 00100000 00001011 01100000 00000000 11000000 00000000 00000000 00000000 00000000 00010000 00000000 00000000 10111010 10101101 00000000 00000000 00000000 00000000 00000000
2020-05-29 15:03:39,632,632 DEBUG    [ac_db.py:697] 00000000 00000001 00010001 01010111 00100000 00001011 10100000 00000000 11000000 00000000 00000000 00000000 00000000 00010000 00000000 00000000 10111010 01101101 00000000 00000000 00000000 00000000 00000000
2020-05-29 15:03:45,670,670 DEBUG    [ac_db.py:697] 00000000 00000001 00010001 01010111 00100000 00001010 01100000 00000000 11000000 00000000 00000000 00000000 00000000 00010000 00000000 00000000 10111011 10101101 00000000 00000000 00000000 00000000 00000000
2020-05-29 15:03:46,972,972 DEBUG    [ac_db.py:697] 00000000 00000001 00010001 01010111 00100000 00001011 10100000 00000000 11000000 00000000 00000000 00000000 00000000 00010000 00000000 00000000 10111010 01101101 00000000 00000000 00000000 00000000 00000000
2020-05-29 15:03:53,016,16 DEBUG    [ac_db.py:697] 00000000 00000001 00010001 01010111 00100000 00001010 01100000 00000000 11000000 00000000 00000000 00100000 00000000 00010000 00000000 00000000 10011011 10101101 00000000 00000000 00000000 00000000 00000000
2020-05-29 15:03:54,327,327 DEBUG    [ac_db.py:697] 00000000 00000001 00010001 01010111 00100000 00001011 10100000 00000000 11000000 00000000 00000000 00000000 00000000 00010000 00000000 00000000 10111010 01101101 00000000 00000000 00000000 00000000 00000000
2020-05-29 15:04:10,134,134 DEBUG    [ac_db.py:697] 00000000 00000001 00010001 01010111 00100000 00001010 01100000 00000000 11000000 00000000 00000000 00100000 00000000 00010000 00000000 00000000 10011011 10101101 00000000 00000000 00000000 00000000 00000000
2020-05-29 15:04:11,440,440 DEBUG    [ac_db.py:697] 00000000 00000001 00010001 01010111 00100000 00001011 10100000 00000000 11000000 00000000 00000000 00000000 00000000 00010000 00000000 00000000 10111010 01101101 00000000 00000000 00000000 00000000 00000000
2020-05-29 15:04:18,990,990 DEBUG    [ac_db.py:697] 00000000 00000001 00010001 01010111 00100000 00001010 01100000 00000000 11000000 00000000 00000000 00100000 00000000 00010000 00000000 00000000 10011011 10101101 00000000 00000000 00000000 00000000 00000000
2020-05-29 15:04:20,288,288 DEBUG    [ac_db.py:697] 00000000 00000001 00010001 01010111 00100000 00001100 10100000 00000000 11000000 00000000 00000000 00000000 00000000 00010000 00000000 00000000 10111001 01101101 00000000 00000000 00000000 00000000 00000000
2020-05-29 15:04:26,328,328 DEBUG    [ac_db.py:697] 00000000 00000001 00010001 01010111 00100000 00001010 01100000 00000000 11000000 00000000 00000000 00100000 00000000 00010000 00000000 00000000 10011011 10101101 00000000 00000000 00000000 00000000 00000000
2020-05-29 15:04:27,637,637 DEBUG    [ac_db.py:697] 00000000 00000001 00010001 01010111 00100000 00001100 10100000 00000000 11000000 00000000 00000000 00000000 00000000 00010000 00000000 00000000 10111001 01101101 00000000 00000000 00000000 00000000 00000000
2020-05-29 15:04:34,949,949 DEBUG    [ac_db.py:697] 00000000 00000001 00010001 01010111 00100000 00001100 10100000 00000000 11000000 00000000 00000000 00000000 00000000 00010000 00000000 00000000 10111001 01101101 00000000 00000000 00000000 00000000 00000000
2020-05-29 15:05:48,663,663 DEBUG    [ac_db.py:697] 00000000 00000001 00010001 01010111 00100000 00001100 01100000 00000000 11000000 00000000 00000000 00100000 00000000 00010000 00000000 00000000 10011001 10101101 00000000 00000000 00000000 00000000 00000000
2020-05-29 15:05:49,951,951 DEBUG    [ac_db.py:697] 00000000 00000001 00010001 01010111 00100000 00001101 10100000 00000000 11000000 00000000 00000000 00000000 00000000 00010000 00000000 00000000 10111000 01101101 00000000 00000000 00000000 00000000 00000000
2020-05-29 15:05:55,984,984 DEBUG    [ac_db.py:697] 00000000 00000001 00010001 01010111 00100000 00001100 01100000 00000000 11000000 00000000 00000000 00100000 00000000 00010000 00000000 00000000 10011001 10101101 10101010 01011110 10000100 11011101 11110000
2020-05-29 15:05:57,340,340 DEBUG    [ac_db.py:697] 00000000 00000001 00010001 01010111 00100000 00001101 10100000 00000000 11000000 00000000 00000000 00000000 00000000 00010000 00000000 00000000 10111000 01101101 00000000 00000000 00000000 00000000 00000000
2020-05-29 15:06:03,382,382 DEBUG    [ac_db.py:697] 00000000 00000001 00010001 01010111 00100000 00001100 01100000 00000000 11000000 00000000 00000000 00100000 00000000 00010000 00000000 00000000 10011001 10101101 10110011 01000000 11010000 01000111 10000111
2020-05-29 15:06:04,685,685 DEBUG    [ac_db.py:697] 00000000 00000001 00010001 01010111 00100000 00001101 10100000 00000000 11000000 00000000 00000000 00000000 00000000 00010000 00000000 00000000 10111000 01101101 00000000 00000000 00000000 00000000 00000000
2020-05-29 15:06:10,726,726 DEBUG    [ac_db.py:697] 00000000 00000001 00010001 01010111 00100000 00001100 01100000 00000000 11000000 00000000 00000000 00100000 00000000 00010000 00000000 00000000 10011001 10101101 00101100 01011100 00011110 11010100 11010011
2020-05-29 15:06:12,032,32 DEBUG    [ac_db.py:697] 00000000 00000001 00010001 01010111 00100000 00001101 10100000 00000000 11000000 00000000 00000000 00000000 00000000 00010000 00000000 00000000 10111000 01101101 00000000 00000000 00000000 00000000 00000000
2020-05-29 15:06:18,075,75 DEBUG    [ac_db.py:697] 00000000 00000001 00010001 01010111 00100000 00001100 01100000 00000000 11000000 00000000 00000000 00100000 00000000 00010000 00000000 00000000 10011001 10101101 00111011 10110111 10000110 00001001 11101110
2020-05-29 15:06:19,375,375 DEBUG    [ac_db.py:697] 00000000 00000001 00010001 01010111 00100000 00001110 10100000 00000000 11000000 00000000 00000000 00000000 00000000 00010000 00000000 00000000 10110111 01101101 00000000 00000000 00000000 00000000 00000000
2020-05-29 15:06:25,417,417 DEBUG    [ac_db.py:697] 00000000 00000001 00010001 01010111 00100000 00001100 01100000 00000000 11000000 00000000 00000000 00100000 00000000 00010000 00000000 00000000 10011001 10101101 01010011 11101111 00101010 10001001 11101101
2020-05-29 15:06:26,721,721 DEBUG    [ac_db.py:697] 00000000 00000001 00010001 01010111 00100000 00001110 10100000 00000000 11000000 00000000 00000000 00000000 00000000 00010000 00000000 00000000 10110111 01101101 00000000 00000000 00000000 00000000 00000000
2020-05-29 15:06:32,763,763 DEBUG    [ac_db.py:697] 00000000 00000001 00010001 01010111 00100000 00001100 01100000 00000000 11000000 00000000 00000000 00100000 00000000 00010000 00000000 00000000 10011001 10101101 11011110 11110100 10111100 11110100 11000101
2020-05-29 15:06:34,070,70 DEBUG    [ac_db.py:697] 00000000 00000001 00010001 01010111 00100000 00001110 10100000 00000000 11000000 00000000 00000000 00000000 00000000 00010000 00000000 00000000 10110111 01101101 00000000 00000000 00000000 00000000 00000000
2020-05-29 15:06:40,108,108 DEBUG    [ac_db.py:697] 00000000 00000001 00010001 01010111 00100000 00001100 01100000 00000000 11000000 00000000 00000000 00100000 00000000 00010000 00000000 00000000 10011001 10101101 00110111 10101001 01111011 00110000 11110011
2020-05-29 15:06:41,477,477 DEBUG    [ac_db.py:697] 00000000 00000001 00010001 01010111 00100000 00001110 10100000 00000000 11000000 00000000 00000000 00000000 00000000 00010000 00000000 00000000 10110111 01101101 10011100 10110001 10110001 11001100 00000000
2020-05-29 15:06:47,515,515 DEBUG    [ac_db.py:697] 00000000 00000001 00010001 01010111 00100000 00001100 01100000 00000000 11000000 00000000 00000000 00100000 00000000 00010000 00000000 00000000 10011001 10101101 00000000 00000000 00000000 00000000 00000000
