2020-05-29 17:02:12,703,703 DEBUG    [ac_db.py:673] AcInfo: 00000000 00000001 00100001 11100000 11000001 00000000 00000010 01010101 00110110 01000000 01000000 01000000 01100100 00110011 00110111 01100110 00111001 00000000 00000000 10011100 01101110 00000000 00000000 00000000 00000000 00111000 01100000 00000000 00000000 00000000 00000000 00000000 00000000 00000000 00000000 00000000 00000001 00000000 00000000
2020-05-29 17:02:19,378,378 DEBUG    [ac_db.py:673] AcInfo: 00000000 00000001 00100001 11100000 11000001 00000000 00000010 01010101 00110110 00111111 00111111 00111111 01100100 00110011 00110111 01100110 00111001 00000000 00000000 10011100 01101110 00000000 00000000 00000000 00000000 00111010 01100001 01110000 10110100 10100000 01101010 10100110 01001011 10010110 10110111 00100010 10000011 00001001 11101111
2020-05-29 17:02:26,019,19 DEBUG    [ac_db.py:673] AcInfo: 00000000 00000001 00100001 11100000 11000001 00000000 00000010 01010101 00110110 00111110 00111110 00111110 01100100 00110011 00110111 01100101 00111001 00000000 00000000 10011100 01101110 00000000 00000000 00000000 00000000 00111101 01100010 00110110 01001010 01100101 10011010 00110010 10111111 00100100 10001101 10110100 00110100 11101010 11010100
2020-05-29 17:02:32,640,640 DEBUG    [ac_db.py:673] AcInfo: 00000000 00000001 00100001 11100000 11000001 00000000 00000010 01010101 00110110 00111101 00111101 00111101 01100100 00110011 00110111 01100101 00111001 00000000 00000000 10011100 01101110 00000000 00000000 00000000 00000000 00111111 01100011 00000000 00000000 00000000 00000000 00000000 00000000 00000000 00000000 00000000 00000000 00000000 00000000
2020-05-29 17:02:39,262,262 DEBUG    [ac_db.py:673] AcInfo: 00000000 00000001 00100001 11100000 11000001 00000000 00000010 01010101 00110101 00111100 00111100 00111100 01100100 00110100 00110111 01100101 00111001 00000000 00000000 10011100 01101110 00000000 00000000 00000000 00000000 01000000 01100101 00100000 10011011 11111010 10100000 01000001 00001110 00011110 10110010 01011101 00001010 10000100 01001011
2020-05-29 17:02:45,849,849 DEBUG    [ac_db.py:673] AcInfo: 00000000 00000001 00100001 11100000 11000001 00000000 00000010 01010100 00110101 00111100 00111100 00111100 01100100 00110100 00110111 01100100 00111001 00000000 00000000 10011100 01101110 00000000 00000000 00000000 00000000 01000010 01100101 10111110 01111001 11011010 10011100 01110110 10010000 11101001 00001100 10001101 00110000 11111100 11101101
2020-05-29 17:02:52,429,429 DEBUG    [ac_db.py:673] AcInfo: 00000000 00000001 00100001 11100000 11000001 00000000 00000010 01010100 00110101 00111011 00111011 00111011 01100100 00110100 00110111 01100100 00111001 00000000 00000000 10011100 01101110 00000000 00000000 00000000 00000000 01000100 01100110 00011110 11101000 00010110 00001011 00101110 01110010 01111110 00111100 11000111 10000100 00110011 11000100
2020-05-29 17:02:59,047,47 DEBUG    [ac_db.py:673] AcInfo: 00000000 00000001 00100001 11100000 11000001 00000000 00000010 01010101 00110101 00111010 00111010 00111010 01100100 00110100 00110110 01100100 00111001 00000000 00000000 10011100 01101110 00000000 00000000 00000000 00000000 01000101 01101000 00000000 00000000 00000000 00000000 00000000 00000000 00000000 00000000 00000000 00000000 00000000 00000000
2020-05-29 17:03:05,715,715 DEBUG    [ac_db.py:673] AcInfo: 00000000 00000001 00100001 11100000 11000001 00000000 00000010 01010101 00110101 00111010 00111010 00111010 01100100 00110100 00110110 01100011 00111001 00000000 00000000 10011100 01101110 00000000 00000000 00000000 00000000 01000110 01101000 00000001 00000001 00000000 00001111 00000000 00010000 11111110 10000000 00000000 00000000 00000000 00000000
2020-05-29 17:03:12,334,334 DEBUG    [ac_db.py:673] AcInfo: 00000000 00000001 00100001 11100000 11000001 00000000 00000010 01010101 00110101 00111001 00111001 00111001 01100100 00110100 00110110 01100011 00111001 00000000 00000000 10011100 01101110 00000000 00000000 00000000 00000000 01001000 01101001 00000000 00000000 00000000 00000000 00000000 00000000 00000000 00000000 00000000 00000000 00000000 00000000
2020-05-29 17:03:19,010,10 DEBUG    [ac_db.py:673] AcInfo: 00000000 00000001 00100001 11100000 11000001 00000000 00000010 01010101 00110101 00111001 00111001 00111001 01100100 00110100 00110110 01100011 00111001 00000000 00000000 10011100 01101110 00000000 00000000 00000000 00000000 01001000 01101001 01010010 00000000 00111100 01110010 10111001 01100110 10100000 11010111 11101000 10111011 10000010 01100110
2020-05-29 17:03:25,611,611 DEBUG    [ac_db.py:673] AcInfo: 00000000 00000001 00100001 11100000 11000001 00000000 00000010 01010101 00110101 00111001 00111001 00111001 01100100 00110011 00110101 01100010 00111001 00000000 00000000 10011100 01101110 00000000 00000000 00000000 00000000 01001010 01101010 10111111 10010001 00011010 01110101 11100111 00001100 01001111 00001011 00110000 11100111 01001010 11000101
2020-05-29 17:03:32,227,227 DEBUG    [ac_db.py:673] AcInfo: 00000000 00000001 00100001 11100000 11000001 00000000 00000010 01010101 00110101 00111000 00111000 00111000 01100100 00110100 00110110 01100010 00111001 00000000 00000000 10011100 01101110 00000000 00000000 00000000 00000000 01001011 01101010 00000000 00000000 00000000 00000000 00000000 00000000 00000000 00000000 00000000 00000000 00000000 00000000
2020-05-29 17:03:38,888,888 DEBUG    [ac_db.py:673] AcInfo: 00000000 00000001 00100001 11100000 11000001 00000000 00000010 01010100 00110101 00111000 00111000 00111000 01100100 00110100 00110110 01100010 00111001 00000000 00000000 10011100 01101110 00000000 00000000 00000000 00000000 01001100 01101010 00100111 01000101 00100011 10110111 10100000 10000110 00000011 01101010 01101110 11110100 10010111 01110001
2020-05-29 17:03:45,530,530 DEBUG    [ac_db.py:673] AcInfo: 00000000 00000001 00100001 11100000 11000001 00000000 00000010 01010101 00110101 00111000 00111000 00111000 01100100 00110011 00110101 01100001 00111001 00000000 00000000 10011100 01101110 00000000 00000000 00000000 00000000 01001101 01101011 00110101 00110111 10111111 00000001 11011100 00110110 11100010 00010001 00100010 01110110 11100101 01101110
2020-05-29 17:03:52,115,115 DEBUG    [ac_db.py:673] AcInfo: 00000000 00000001 00100001 11100000 11000001 00000000 00000010 01010101 00110100 00111000 00111000 00111000 01100100 00110011 00110101 01100001 00111001 00000000 00000000 10011100 01101110 00000000 00000000 00000000 00000000 01001101 01101100 11110111 01101101 10100011 11011101 00110111 00000000 11010011 01001000 10100001 10111011 10000110 00001010
2020-05-29 17:03:58,741,741 DEBUG    [ac_db.py:673] AcInfo: 00000000 00000001 00100001 11100000 11000001 00000000 00000010 01010101 00110100 00110111 00110111 00110111 01100100 00110011 00110101 01100001 00111001 00000000 00000000 10011100 01101110 00000000 00000000 00000000 00000000 01001111 01101101 00000000 00000000 00000000 00000000 00000000 00000000 00000000 00000000 00000000 00000000 00000000 00000000
2020-05-29 17:04:05,361,361 DEBUG    [ac_db.py:673] AcInfo: 00000000 00000001 00100001 11100000 11000001 00000000 00000010 01010101 00110100 00110111 00110111 00110111 01100100 00110100 00110101 01100000 00111001 00000000 00000000 10011100 01101110 00000000 00000000 00000000 00000000 01001111 01101101 00000001 00000001 00000000 00001111 00000000 00010000 11111110 10000000 00000000 00000000 00000000 00000000
2020-05-29 17:04:11,989,989 DEBUG    [ac_db.py:673] AcInfo: 00000000 00000001 00100001 11100000 11000001 00000000 00000010 01010101 00110100 00110111 00110111 00110111 01100100 00110100 00110101 01100000 00111001 00000000 00000000 10011100 01101110 00000000 00000000 00000000 00000000 01001111 01101101 11111011 00100111 10000100 10110000 11100101 10100111 00110111 11111100 11101001 00011010 11010100 01111110
2020-05-29 17:04:18,614,614 DEBUG    [ac_db.py:673] AcInfo: 00000000 00000001 00100001 11100000 11000001 00000000 00000010 01010101 00110100 00110111 00110111 00110111 01100100 00110100 00110101 01100000 00111001 00000000 00000000 10011100 01101110 00000000 00000000 00000000 00000000 01001111 01101101 00000000 00000000 00000000 00000000 00000000 00000000 00000000 00000000 00000000 00000000 00000000 00000000
2020-05-29 17:04:25,280,280 DEBUG    [ac_db.py:673] AcInfo: 00000000 00000001 00100001 11100000 11000001 00000000 00000010 01010100 00110100 00110111 00110111 00110111 01100100 00110011 00110101 01100000 00111001 00000000 00000000 10011100 01101110 00000000 00000000 00000000 00000000 01010001 01101101 01110001 00100010 00111110 01001000 00101111 01000110 11000110 01000110 11100011 00100010 01101111 10101001
2020-05-29 17:04:31,948,948 DEBUG    [ac_db.py:673] AcInfo: 00000000 00000001 00100001 11100000 11000001 00000000 00000010 01010101 00110100 00110111 00110111 00110111 01100100 00110011 00110101 01011111 00111001 00000000 00000000 10011100 01101110 00000000 00000000 00000000 00000000 01010001 01101101 00000000 00000000 00000000 00000000 00000000 00000000 00000000 00000000 00000000 00000000 00000000 00000000
2020-05-29 17:04:38,586,586 DEBUG    [ac_db.py:673] AcInfo: 00000000 00000001 00100001 11100000 11000001 00000000 00000010 01010101 00110100 00110111 00110111 00110111 01100100 00110100 00110101 01011111 00111001 00000000 00000000 10011100 01101110 00000000 00000000 00000000 00000000 01010000 01101101 00100101 00001010 00000101 11111111 00100100 10001101 10011111 01110001 10001011 10101110 11001101 11010011
2020-05-29 17:04:45,249,249 DEBUG    [ac_db.py:673] AcInfo: 00000000 00000001 00100001 11100000 11000001 00000000 00000010 01010101 00110100 00110111 00110111 00110111 01100100 00110011 00110101 01011110 00111001 00000000 00000000 10011100 01101110 00000000 00000000 00000000 00000000 01010010 01101101 11011000 01101110 01111110 10101101 01101101 11000100 00110100 00010110 10000101 01000100 01011010 00000011
2020-05-29 17:04:51,871,871 DEBUG    [ac_db.py:673] AcInfo: 00000000 00000001 00100001 11100000 11000001 00000000 00000010 01010101 00110100 00110110 00110110 00110110 01100100 00110011 00110101 01011110 00111001 00000000 00000000 10011100 01101110 00000000 00000000 00000000 00000000 01010100 01101110 00100010 10101011 10100100 00011111 10000010 11010111 00110011 01010010 00101010 01111010 10000010 10001101
2020-05-29 17:05:00,506,506 DEBUG    [ac_db.py:673] AcInfo: 00000000 00000001 00100001 11100000 11000001 00000000 00000010 01010101 00110100 00110110 00110110 00110110 01100100 00110011 00110101 01011110 00111001 00000000 00000000 10011100 01101110 00000000 00000000 00000000 00000000 01010100 01101110 00000001 00000001 00000000 00001111 00000000 00010000 11111110 10000000 00000000 00000000 00000000 00000000
2020-05-29 17:05:07,125,125 DEBUG    [ac_db.py:673] AcInfo: 00000000 00000001 00100001 11100000 11000001 00000000 00000010 01010101 00110100 00110110 00110110 00110110 01100100 00110011 00110101 01011101 00111001 00000000 00000000 10011100 01101110 00000000 00000000 00000000 00000000 01010101 01101110 00110110 11011100 11110011 10000101 10001000 00101110 11011111 01011010 00011110 00000100 01111100 00010100
2020-05-29 17:05:13,701,701 DEBUG    [ac_db.py:673] AcInfo: 00000000 00000001 00100001 11100000 11000001 00000000 00000010 01010101 00110100 00110110 00110110 00110110 01100100 00110011 00110101 01011101 00111001 00000000 00000000 10011100 01101110 00000000 00000000 00000000 00000000 01010101 01101110 00010111 00001100 11101101 00110101 01111100 00111001 11011100 01100001 10101110 01011110 10100101 11011000
2020-05-29 17:05:20,316,316 DEBUG    [ac_db.py:673] AcInfo: 00000000 00000001 00100001 11100000 11000001 00000000 00000010 01010100 00110100 00110110 00110110 00110110 01100100 00110011 00110101 01011101 00111001 00000000 00000000 10011100 01101110 00000000 00000000 00000000 00000000 01010110 01101110 00000000 00000000 00000000 00000000 00000000 00000000 00000000 00000000 00000000 00000000 00000000 00000000
2020-05-29 17:05:26,980,980 DEBUG    [ac_db.py:673] AcInfo: 00000000 00000001 00100001 11100000 11000001 00000000 00000010 01010100 00110100 00110110 00110110 00110110 01100100 00110011 00110100 01011101 00111001 00000000 00000000 10011100 01101110 00000000 00000000 00000000 00000000 01010110 01101111 00010100 00000111 10101011 10110011 10110101 01111100 11001001 01011100 10001010 10011010 00010000 11111011
2020-05-29 17:05:33,601,601 DEBUG    [ac_db.py:673] AcInfo: 00000000 00000001 00100001 11100000 11000001 00000000 00000010 01010101 00110100 00110110 00110110 00110110 01100100 00110011 00110101 01011100 00111001 00000000 00000000 10011100 01101110 00000000 00000000 00000000 00000000 01010110 01101110 00000000 00000000 00000000 00000000 00000000 00000000 00000000 00000000 00000000 00000000 00000000 00000000
2020-05-29 17:05:40,176,176 DEBUG    [ac_db.py:673] AcInfo: 00000000 00000001 00100001 11100000 11000001 00000000 00000010 01010101 00110100 00110110 00110110 00110110 01100100 00110011 00110100 01011100 00111001 00000000 00000000 10011100 01101110 00000000 00000000 00000000 00000000 01010110 01101111 01101101 00101101 11001010 00000110 11101010 00010010 11000101 00000100 01010000 01010111 00111100 10000000
2020-05-29 17:05:46,789,789 DEBUG    [ac_db.py:673] AcInfo: 00000000 00000001 00100001 11100000 11000001 00000000 00000010 01010101 00110100 00110110 00110110 00110110 01100100 00110011 00110100 01011100 00111001 00000000 00000000 10011100 01101110 00000000 00000000 00000000 00000000 01010110 01101111 10010010 11011101 01110011 11000100 11110111 11110000 11000011 00011000 00100101 11101110 00110010 01101001
2020-05-29 17:05:53,377,377 DEBUG    [ac_db.py:673] AcInfo: 00000000 00000001 00100001 11100000 11000001 00000000 00000010 01010100 00110100 00110110 00110110 00110110 01100100 00110011 00110100 01011100 00111001 00000000 00000000 10011100 01101110 00000000 00000000 00000000 00000000 01010111 01101111 11111100 00100101 01110010 11101010 00000011 11101100 00000010 10101011 11101111 00001010 01001001 01110111
2020-05-29 17:05:59,948,948 DEBUG    [ac_db.py:673] AcInfo: 00000000 00000001 00100001 11100000 11000001 00000000 00000010 01010101 00110100 00110110 00110110 00110110 01100100 00110100 00110101 01011100 00111001 00000000 00000000 10011100 01101110 00000000 00000000 00000000 00000000 01010101 01101110 00000000 00000000 00000000 00000000 00000000 00000000 00000000 00000000 00000000 00000000 00000000 00000000
2020-05-29 17:06:06,570,570 DEBUG    [ac_db.py:673] AcInfo: 00000000 00000001 00100001 11100000 11000001 00000000 00000010 01010101 00110100 00110110 00110110 00110110 01100100 00110100 00110100 01011011 00111001 00000000 00000000 10011100 01101110 00000000 00000000 00000000 00000000 01010110 01101111 00000001 00000001 00000000 00001111 00000000 00010000 11111110 10000000 00000000 00000000 00000000 00000000
2020-05-29 17:06:13,185,185 DEBUG    [ac_db.py:673] AcInfo: 00000000 00000001 00100001 11100000 11000001 00000000 00000010 01010101 00110100 00110110 00110110 00110110 01100100 00110100 00110100 01011011 00111001 00000000 00000000 10011100 01101110 00000000 00000000 00000000 00000000 01010110 01101111 01110011 10011101 11001100 11111011 00101100 01101111 01101011 10000000 11010011 00100000 01010010 00101010
2020-05-29 17:06:19,769,769 DEBUG    [ac_db.py:673] AcInfo: 00000000 00000001 00100001 11100000 11000001 00000000 00000010 01010101 00110100 00110110 00110110 00110110 01100100 00110011 00110100 01011011 00111001 00000000 00000000 10011100 01101110 00000000 00000000 00000000 00000000 01010111 01101111 11011000 01101101 10000010 01100000 01000011 11110000 01010101 01101101 01100010 00011100 01101000 11110111
2020-05-29 17:06:26,361,361 DEBUG    [ac_db.py:673] AcInfo: 00000000 00000001 00100001 11100000 11000001 00000000 00000010 01010101 00110100 00110110 00110110 00110110 01100100 00110100 00110101 01011011 00111001 00000000 00000000 10011100 01101110 00000000 00000000 00000000 00000000 01010110 01101110 00000000 00000000 00000000 00000000 00000000 00000000 00000000 00000000 00000000 00000000 00000000 00000000
2020-05-29 17:06:32,934,934 DEBUG    [ac_db.py:673] AcInfo: 00000000 00000001 00100001 11100000 11000001 00000000 00000010 01010101 00110100 00110110 00110110 00110110 01100100 00110100 00110100 01011011 00111001 00000000 00000000 10011100 01101110 00000000 00000000 00000000 00000000 01010110 01101111 00000000 00000000 00000000 00000000 00000000 00000000 00000000 00000000 00000000 00000000 00000000 00000000
2020-05-29 17:06:39,514,514 DEBUG    [ac_db.py:673] AcInfo: 00000000 00000001 00100001 11100000 11000001 00000000 00000010 01010101 00110100 00110110 00110110 00110110 01100100 00110011 00110100 01011010 00111001 00000000 00000000 10011100 01101110 00000000 00000000 00000000 00000000 01011000 01101111 10101011 11011101 00000001 01100101 01111011 10010000 01101011 11110101 00010010 01011100 00001001 10111001
2020-05-29 17:06:46,093,93 DEBUG    [ac_db.py:673] AcInfo: 00000000 00000001 00100001 11100000 11000001 00000000 00000010 01010101 00110100 00110110 00110110 00110110 01100100 00110100 00110101 01011010 00111001 00000000 00000000 10011100 01101110 00000000 00000000 00000000 00000000 01010111 01101110 11010011 01100000 10001100 10000111 01101110 01101011 11011000 11111000 11001111 01100101 11110101 00101110
2020-05-29 17:06:52,713,713 DEBUG    [ac_db.py:673] AcInfo: 00000000 00000001 00100001 11100000 11000001 00000000 00000010 01010101 00110100 00110110 00110110 00110110 01100100 00110011 00110100 01011010 00111001 00000000 00000000 10011100 01101110 00000000 00000000 00000000 00000000 01011000 01101111 10110001 10111011 00011000 01110010 10100000 00010101 01010000 10000011 01000111 01101100 00110001 11110001
2020-05-29 17:06:59,335,335 DEBUG    [ac_db.py:673] AcInfo: 00000000 00000001 00100001 11100000 11000001 00000000 00000010 01010100 00110100 00110110 00110110 00110110 01100100 00110011 00110100 01011010 00111001 00000000 00000000 10011100 01101110 00000000 00000000 00000000 00000000 01011001 01101111 00000000 00000000 00000000 00000000 00000000 00000000 00000000 00000000 00000000 00000000 00000000 00000000
2020-05-29 17:07:05,951,951 DEBUG    [ac_db.py:673] AcInfo: 00000000 00000001 00100001 11100000 11000001 00000000 00000010 01010101 00110011 00110110 00110110 00110110 01100100 00110011 00110100 01011010 00111001 00000000 00000000 10011100 01101110 00000000 00000000 00000000 00000000 01011000 01110000 00000001 00000001 00000000 00001111 00000000 00010000 11111110 10000000 00000000 00000000 00000000 00000000
2020-05-29 17:07:12,530,530 DEBUG    [ac_db.py:673] AcInfo: 00000000 00000001 00100001 11100000 11000001 00000000 00000010 01010101 00110011 00110110 00110110 00110110 01100100 00110100 00110100 01011010 00111001 00000000 00000000 10011100 01101110 00000000 00000000 00000000 00000000 01010111 01110000 01110010 10011011 10011100 00010011 10100001 10101000 10001001 10111110 10110111 10000110 00000010 11001100
2020-05-29 17:07:19,149,149 DEBUG    [ac_db.py:673] AcInfo: 00000000 00000001 00100001 11100000 11000001 00000000 00000010 01010101 00110011 00110110 00110110 00110110 01100100 00110011 00110100 01011001 00111001 00000000 00000000 10011100 01101110 00000000 00000000 00000000 00000000 01011001 01110000 00000000 00000000 00000000 00000000 00000000 00000000 00000000 00000000 00000000 00000000 00000000 00000000
2020-05-29 17:07:25,776,776 DEBUG    [ac_db.py:673] AcInfo: 00000000 00000001 00100001 11100000 11000001 00000000 00000010 01010101 00110011 00110110 00110110 00110110 01100100 00110100 00110100 01011001 00111001 00000000 00000000 10011100 01101110 00000000 00000000 00000000 00000000 01011000 01110000 11100101 01111000 10101111 11010000 10001111 01100001 11000001 01101101 11100011 11110000 10001011 11101101
2020-05-29 17:07:32,397,397 DEBUG    [ac_db.py:673] AcInfo: 00000000 00000001 00100001 11100000 11000001 00000000 00000010 01010101 00110011 00110110 00110110 00110110 01100100 00110011 00110100 01011001 00111001 00000000 00000000 10011100 01101110 00000000 00000000 00000000 00000000 01011001 01110000 00000000 00000000 00000000 00000000 00000000 00000000 00000000 00000000 00000000 00000000 00000000 00000000
2020-05-29 17:07:39,017,17 DEBUG    [ac_db.py:673] AcInfo: 00000000 00000001 00100001 11100000 11000001 00000000 00000010 01010101 00110011 00110110 00110110 00110110 01100100 00110011 00110100 01011001 00111001 00000000 00000000 10011100 01101110 00000000 00000000 00000000 00000000 01011001 01110000 11100101 01111000 10101111 11010000 10001111 01100001 11000001 01101101 11100011 11110000 10001011 11101101
2020-05-29 17:07:45,601,601 DEBUG    [ac_db.py:673] AcInfo: 00000000 00000001 00100001 11100000 11000001 00000000 00000010 01010101 00110011 00110110 00110110 00110110 01100100 00110011 00110100 01011001 00111001 00000000 00000000 10011100 01101110 00000000 00000000 00000000 00000000 01011001 01110000 00110110 10001011 10100111 01000000 00001110 10100010 01011100 00111000 01010110 01010001 10001111 01101010
2020-05-29 17:07:52,219,219 DEBUG    [ac_db.py:673] AcInfo: 00000000 00000001 00100001 11100000 11000001 00000000 00000010 01010101 00110011 00110110 00110110 00110110 01100100 00110011 00110100 01011000 00111001 00000000 00000000 10011100 01101110 00000000 00000000 00000000 00000000 01011010 01110000 11111101 00101110 01010010 11001011 01100100 11111101 10000101 01001111 01010001 10010101 00101011 11000111
2020-05-29 17:07:58,851,851 DEBUG    [ac_db.py:673] AcInfo: 00000000 00000001 00100001 11100000 11000001 00000000 00000010 01010100 00110011 00110110 00110110 00110110 01100100 00110011 00110100 01011000 00111001 00000000 00000000 10011100 01101110 00000000 00000000 00000000 00000000 01011011 01110000 00011100 00011011 10011100 11001101 11010000 11011010 01101101 01011000 10000001 01000101 00101011 00010010
2020-05-29 17:08:05,473,473 DEBUG    [ac_db.py:673] AcInfo: 00000000 00000001 00100001 11100000 11000001 00000000 00000010 01010101 00110011 00110101 00110101 00110101 01100100 00110011 00110100 01011000 00111001 00000000 00000000 10011100 01101110 00000000 00000000 00000000 00000000 01011100 01110001 00000000 00000000 00000000 00000000 00000000 00000000 00000000 00000000 00000000 00000000 00000000 00000000
2020-05-29 17:08:12,091,91 DEBUG    [ac_db.py:673] AcInfo: 00000000 00000001 00100001 11100000 11000001 00000000 00000010 01010101 00110011 00110101 00110101 00110101 01100100 00110011 00110100 01010111 00111001 00000000 00000000 10011100 01101110 00000000 00000000 00000000 00000000 01011101 01110001 10001011 00000111 01111101 10110000 00100010 10111011 00010000 00100100 11010010 00011111 11011011 11100000
2020-05-29 17:08:18,676,676 DEBUG    [ac_db.py:673] AcInfo: 00000000 00000001 00100001 11100000 11000001 00000000 00000010 01010101 00110011 00110101 00110101 00110101 01100100 00110011 00110100 01010111 00111001 00000000 00000000 10011100 01101110 00000000 00000000 00000000 00000000 01011101 01110001 11001100 00000000 01001100 00000110 01001011 11100001 00010010 11111010 11101010 01010101 11101001 00110010
2020-05-29 17:08:25,294,294 DEBUG    [ac_db.py:673] AcInfo: 00000000 00000001 00100001 11100000 11000001 00000000 00000010 01010101 00110011 00110101 00110101 00110101 01100100 00110100 00110100 01010111 00111001 00000000 00000000 10011100 01101110 00000000 00000000 00000000 00000000 01011100 01110001 10101000 01010010 00001001 11010011 00110100 11110110 10011010 11001000 01111101 10111011 01101001 00000110
2020-05-29 17:08:31,926,926 DEBUG    [ac_db.py:673] AcInfo: 00000000 00000001 00100001 11100000 11000001 00000000 00000010 01010101 00110011 00110101 00110101 00110101 01100100 00110011 00110100 01010111 00111001 00000000 00000000 10011100 01101110 00000000 00000000 00000000 00000000 01011101 01110001 00000000 00000000 00000000 00000000 00000000 00000000 00000000 00000000 00000000 00000000 00000000 00000000
2020-05-29 17:08:38,548,548 DEBUG    [ac_db.py:673] AcInfo: 00000000 00000001 00100001 11100000 11000001 00000000 00000010 01010100 00110011 00110101 00110101 00110101 01100100 00110011 00110100 01010111 00111001 00000000 00000000 10011100 01101110 00000000 00000000 00000000 00000000 01011110 01110001 00000000 00000000 00000000 00000000 00000000 00000000 00000000 00000000 00000000 00000000 00000000 00000000
2020-05-29 17:08:45,168,168 DEBUG    [ac_db.py:673] AcInfo: 00000000 00000001 00100001 11100000 11000001 00000000 00000010 01010101 00110011 00110101 00110101 00110101 01100100 00110011 00110100 01010111 00111001 00000000 00000000 10011100 01101110 00000000 00000000 00000000 00000000 01011101 01110001 10010111 00110001 11011101 01011000 10011111 01001011 11001010 10101101 10111011 01110110 11000000 00101010
2020-05-29 17:08:51,752,752 DEBUG    [ac_db.py:673] AcInfo: 00000000 00000001 00100001 11100000 11000001 00000000 00000010 01010101 00110011 00110101 00110101 00110101 01100100 00110011 00110100 01010111 00111001 00000000 00000000 10011100 01101110 00000000 00000000 00000000 00000000 01011101 01110001 00110000 11011010 01100101 00110010 10001001 01011110 01100011 10010101 01110100 00011101 00010011 00011111
2020-05-29 17:08:58,368,368 DEBUG    [ac_db.py:673] AcInfo: 00000000 00000001 00100001 11100000 11000001 00000000 00000010 01010101 00110011 00110101 00110101 00110101 01100100 00110011 00110100 01010110 00111001 00000000 00000000 10011100 01101110 00000000 00000000 00000000 00000000 01011110 01110001 10110111 01110111 00011010 01110100 10000001 10110110 11110100 10011000 01101011 10101001 10000000 00100110
2020-05-29 17:09:04,987,987 DEBUG    [ac_db.py:673] AcInfo: 00000000 00000001 00100001 11100000 11000001 00000000 00000010 01010101 00110011 00110101 00110101 00110101 01100100 00110011 00110100 01010110 00111001 00000000 00000000 10011100 01101110 00000000 00000000 00000000 00000000 01011110 01110001 00000001 00000001 00000000 00001111 00000000 00010000 11111110 10000000 00000000 00000000 00000000 00000000
2020-05-29 17:09:11,659,659 DEBUG    [ac_db.py:673] AcInfo: 00000000 00000001 00100001 11100000 11000001 00000000 00000010 01010101 00110011 00110101 00110101 00110101 01100100 00110011 00110100 01010110 00111001 00000000 00000000 10011100 01101110 00000000 00000000 00000000 00000000 01011110 01110001 10101110 11010100 01110010 00011000 10101110 01000100 11011000 00111101 01011010 00100110 01010111 01011010
2020-05-29 17:09:18,281,281 DEBUG    [ac_db.py:673] AcInfo: 00000000 00000001 00100001 11100000 11000001 00000000 00000010 01010100 00110011 00110101 00110101 00110101 01100100 00110011 00110100 01010110 00111001 00000000 00000000 10011100 01101110 00000000 00000000 00000000 00000000 01011111 01110001 10000101 01100100 10010001 11101100 10000000 01011110 01001100 10111100 00011110 01111001 01010111 01011101
2020-05-29 17:09:24,857,857 DEBUG    [ac_db.py:673] AcInfo: 00000000 00000001 00100001 11100000 11000001 00000000 00000010 01010101 00110011 00110101 00110101 00110101 01100100 00110011 00110100 01010110 00111001 00000000 00000000 10011100 01101110 00000000 00000000 00000000 00000000 01011110 01110001 11100110 10001000 10100100 11110111 01001110 00011010 11100110 01001101 01010011 01000100 11000000 00101100
2020-05-29 17:09:31,488,488 DEBUG    [ac_db.py:673] AcInfo: 00000000 00000001 00100001 11100000 11000001 00000000 00000010 01010101 00110011 00110101 00110101 00110101 01100100 00110011 00110100 01010110 00111001 00000000 00000000 10011100 01101110 00000000 00000000 00000000 00000000 01011110 01110001 00000000 00000000 00000000 00000000 00000000 00000000 00000000 00000000 00000000 00000000 00000000 00000000
2020-05-29 17:09:38,124,124 DEBUG    [ac_db.py:673] AcInfo: 00000000 00000001 00100001 11100000 11000001 00000000 00000010 01010101 00110011 00110101 00110101 00110101 01100100 00110011 00110100 01010110 00111001 00000000 00000000 10011100 01101110 00000000 00000000 00000000 00000000 01011110 01110001 00111011 10000100 10010000 10110010 11000000 01001001 11100100 00100001 00110101 00110010 00111001 11101010
2020-05-29 17:09:44,746,746 DEBUG    [ac_db.py:673] AcInfo: 00000000 00000001 00100001 11100000 11000001 00000000 00000010 01010101 00110011 00110101 00110101 00110101 01100100 00110011 00110100 01010110 00111001 00000000 00000000 10011100 01101110 00000000 00000000 00000000 00000000 01011110 01110001 00000000 00000000 00000000 00000000 00000000 00000000 00000000 00000000 00000000 00000000 00000000 00000000
2020-05-29 17:09:51,397,397 DEBUG    [ac_db.py:673] AcInfo: 00000000 00000001 00100001 11100000 11000001 00000000 00000010 01010100 00110011 00110101 00110101 00110101 01100100 00110011 00110100 01010101 00111001 00000000 00000000 10011100 01101110 00000000 00000000 00000000 00000000 01100000 01110001 00111011 10000100 10010000 10110010 11000000 01001001 11100100 00100001 00110101 00110010 00111001 11101010
2020-05-29 17:09:57,988,988 DEBUG    [ac_db.py:673] AcInfo: 00000000 00000001 00100001 11100000 11000001 00000000 00000010 01010100 00110011 00110101 00110101 00110101 01100100 00110011 00110100 01010101 00111001 00000000 00000000 10011100 01101110 00000000 00000000 00000000 00000000 01100000 01110001 11000010 00110001 11000010 00100110 10100010 00100001 00111001 01110101 11011100 10110011 11110000 00110111
2020-05-29 17:10:04,620,620 DEBUG    [ac_db.py:673] AcInfo: 00000000 00000001 00100001 11100000 11000001 00000000 00000010 01010101 00110011 00110101 00110101 00110101 01100100 00110011 00110011 01010101 00111001 00000000 00000000 10011100 01101110 00000000 00000000 00000000 00000000 01011111 01110010 00000001 00000001 00000000 00001111 00000000 00010000 11111110 10000000 00000000 00000000 00000000 00000000
2020-05-29 17:10:11,237,237 DEBUG    [ac_db.py:673] AcInfo: 00000000 00000001 00100001 11100000 11000001 00000000 00000010 01010101 00110011 00110101 00110101 00110101 01100100 00110011 00110100 01010101 00111001 00000000 00000000 10011100 01101110 00000000 00000000 00000000 00000000 01011111 01110001 10000111 00001110 01011110 11001000 01010111 01010010 00101001 00111111 00101010 10011000 11110110 10010101
2020-05-29 17:10:17,811,811 DEBUG    [ac_db.py:673] AcInfo: 00000000 00000001 00100001 11100000 11000001 00000000 00000010 01010100 00110011 00110101 00110101 00110101 01100100 00110011 00110011 01010101 00111001 00000000 00000000 10011010 01101110 00000000 00000000 00000000 00000000 01100010 01110010 01010110 11011000 10010011 10110100 00110111 10001011 10010111 11000010 11000010 11101101 11010110 10110101
2020-05-29 17:10:24,438,438 DEBUG    [ac_db.py:673] AcInfo: 00000000 00000001 00100001 11100000 11000001 00000000 00000010 01010101 00110011 00110101 00110101 00110101 01100100 00110011 00110100 01010101 00111001 00000000 00000000 10011010 01101110 00000000 00000000 00000000 00000000 01100001 01110001 01000111 00010000 00000101 01000100 00001101 00001001 00000010 01001010 10000010 01110111 10101111 01010100
2020-05-29 17:10:31,062,62 DEBUG    [ac_db.py:673] AcInfo: 00000000 00000001 00100001 11100000 11000001 00000000 00000010 01010100 00110011 00110101 00110101 00110101 01100100 00110011 00110100 01010101 00111001 00000000 00000000 10011010 01101110 00000000 00000000 00000000 00000000 01100010 01110001 00000000 00000000 00000000 00000000 00000000 00000000 00000000 00000000 00000000 00000000 00000000 00000000
2020-05-29 17:10:37,678,678 DEBUG    [ac_db.py:673] AcInfo: 00000000 00000001 00100001 11100000 11000001 00000000 00000010 01010101 00110011 00110101 00110101 00110101 01100100 00110011 00110011 01010101 00111001 00000000 00000000 10011010 01101110 00000000 00000000 00000000 00000000 01100001 01110010 01101000 11111001 10110010 11011011 01100000 00011110 00111110 00100001 01000101 01100001 01110100 11001100
2020-05-29 17:10:44,294,294 DEBUG    [ac_db.py:673] AcInfo: 00000000 00000001 00100001 11100000 11000001 00000000 00000010 01010101 00110011 00110101 00110101 00110101 01100100 00110011 00110100 01010101 00111001 00000000 00000000 10011010 01101110 00000000 00000000 00000000 00000000 01100001 01110001 00000000 00000000 00000000 00000000 00000000 00000000 00000000 00000000 00000000 00000000 00000000 00000000
2020-05-29 17:10:50,911,911 DEBUG    [ac_db.py:673] AcInfo: 00000000 00000001 00100001 11100000 11000001 00000000 00000010 01010101 00110011 00110101 00110101 00110101 01100100 00110011 00110100 01010101 00111001 00000000 00000000 10011010 01101110 00000000 00000000 00000000 00000000 01100001 01110001 11111010 01000100 11000010 01101000 01011101 10110001 01001001 10100101 11101001 11101000 01111110 11011110
2020-05-29 17:10:57,530,530 DEBUG    [ac_db.py:673] AcInfo: 00000000 00000001 00100001 11100000 11000001 00000000 00000010 01010101 00110011 00110101 00110101 00110101 01100100 00110011 00110011 01010100 00111001 00000000 00000000 10011010 01101110 00000000 00000000 00000000 00000000 01100010 01110010 10011111 11111101 10011000 01101000 00011101 11000100 10000010 01101100 11011100 01001100 00000010 01101101
2020-05-29 17:11:04,113,113 DEBUG    [ac_db.py:673] AcInfo: 00000000 00000001 00100001 11100000 11000001 00000000 00000010 01010100 00110011 00110101 00110101 00110101 01100100 00110011 00110011 01010100 00111001 00000000 00000000 10011010 01101110 00000000 00000000 00000000 00000000 01100011 01110010 00000001 00000001 00000000 00001111 00000000 00010000 11111110 10000000 00000000 00000000 00000000 00000000
2020-05-29 17:11:10,772,772 DEBUG    [ac_db.py:673] AcInfo: 00000000 00000001 00100001 11100000 11000001 00000000 00000010 01010101 00110011 00110101 00110101 00110101 01100100 00110011 00110011 01010100 00111001 00000000 00000000 10011010 01101110 00000000 00000000 00000000 00000000 01100010 01110010 00010001 10011110 01010101 01011111 11101010 11011001 10000110 01000000 10111001 10110001 01100011 00000001
2020-05-29 17:11:17,420,420 DEBUG    [ac_db.py:673] AcInfo: 00000000 00000001 00100001 11100000 11000001 00000000 00000010 01010101 00110011 00110101 00110101 00110101 01100100 00110011 00110011 01010011 00111001 00000000 00000000 10011010 01101110 00000000 00000000 00000000 00000000 01100011 01110010 10101010 11101110 00001111 00101111 10111001 11011111 10011010 11100101 11000010 10110001 00100101 10100100
2020-05-29 17:11:24,044,44 DEBUG    [ac_db.py:673] AcInfo: 00000000 00000001 00100001 11100000 11000001 00000000 00000010 01010101 00110011 00110101 00110101 00110101 01100100 00110011 00110011 01010100 00111001 00000000 00000000 10011010 01101110 00000000 00000000 00000000 00000000 01100010 01110010 00000000 00000000 00000000 00000000 00000000 00000000 00000000 00000000 00000000 00000000 00000000 00000000
2020-05-29 17:11:30,677,677 DEBUG    [ac_db.py:673] AcInfo: 00000000 00000001 00100001 11100000 11000001 00000000 00000010 01010101 00110011 00110101 00110101 00110101 01100100 00110011 00110011 01010011 00111001 00000000 00000000 10011010 01101110 00000000 00000000 00000000 00000000 01100011 01110010 00000000 00000000 00000000 00000000 00000000 00000000 00000000 00000000 00000000 00000000 00000000 00000000
2020-05-29 17:11:37,296,296 DEBUG    [ac_db.py:673] AcInfo: 00000000 00000001 00100001 11100000 11000001 00000000 00000010 01010101 00110011 00110101 00110101 00110101 01100100 00110011 00110011 01010011 00111001 00000000 00000000 10011010 01101110 00000000 00000000 00000000 00000000 01100011 01110010 10001110 01100100 01100110 10110000 10000001 01011100 11111111 10100110 00011101 00011000 00010010 11010001
2020-05-29 17:11:43,972,972 DEBUG    [ac_db.py:673] AcInfo: 00000000 00000001 00100001 11100000 11000001 00000000 00000010 01010101 00110011 00110101 00110101 00110101 01100100 00110011 00110011 01010011 00111001 00000000 00000000 10011010 01101110 00000000 00000000 00000000 00000000 01100011 01110010 11100011 10101000 01010101 00111011 10011010 11011001 10010100 00000010 11101010 00000010 11100100 10001010
2020-05-29 17:11:50,598,598 DEBUG    [ac_db.py:673] AcInfo: 00000000 00000001 00100001 11100000 11000001 00000000 00000010 01010100 00110011 00110101 00110101 00110101 01100100 00110011 00110011 01010011 00111001 00000000 00000000 10011010 01101110 00000000 00000000 00000000 00000000 01100100 01110010 00000000 00000000 00000000 00000000 00000000 00000000 00000000 00000000 00000000 00000000 00000000 00000000
2020-05-29 17:11:57,221,221 DEBUG    [ac_db.py:673] AcInfo: 00000000 00000001 00100001 11100000 11000001 00000000 00000010 01010101 00110011 00110101 00110101 00110101 01100100 00110011 00110011 01010011 00111001 00000000 00000000 10011010 01101110 00000000 00000000 00000000 00000000 01100011 01110010 00010111 11001011 00000101 10111110 10001110 01111100 11000110 01000101 10000100 01011100 00010101 01001110
2020-05-29 17:12:03,865,865 DEBUG    [ac_db.py:673] AcInfo: 00000000 00000001 00100001 11100000 11000001 00000000 00000010 01010101 00110011 00110101 00110101 00110101 01100100 00110011 00110011 01010011 00111001 00000000 00000000 10011010 01101110 00000000 00000000 00000000 00000000 01100011 01110010 00000000 00000000 00000000 00000000 00000000 00000000 00000000 00000000 00000000 00000000 00000000 00000000
2020-05-29 17:12:10,489,489 DEBUG    [ac_db.py:673] AcInfo: 00000000 00000001 00100001 11100000 11000001 00000000 00000010 01010101 00110011 00110101 00110101 00110101 01100100 00110011 00110011 01010011 00111001 00000000 00000000 10011100 01101110 00000000 00000000 00000000 00000000 01100001 01110010 10001110 01100100 01100110 10110000 10000001 01011100 11111111 10100110 00011101 00011000 00010010 11010001
2020-05-29 17:12:17,067,67 DEBUG    [ac_db.py:673] AcInfo: 00000000 00000001 00100001 11100000 11000001 00000000 00000010 01010101 00110011 00110101 00110101 00110101 01100100 00110011 00110011 01010011 00111001 00000000 00000000 10011100 01101110 00000000 00000000 00000000 00000000 01100001 01110010 11010111 11110001 01001100 01000111 00001100 01110100 01101011 00001010 01110000 10011100 01100010 10110001
2020-05-29 17:12:23,731,731 DEBUG    [ac_db.py:673] AcInfo: 00000000 00000001 00100001 11100000 11000001 00000000 00000010 01010101 00110011 00110101 00110101 00110101 01100100 00110011 00110011 01010011 00111001 00000000 00000000 10011100 01101110 00000000 00000000 00000000 00000000 01100001 01110010 01011100 00001100 11110101 11000111 01011110 01011100 01000001 10011100 11100001 11011011 01110110 10100100
2020-05-29 17:12:30,308,308 DEBUG    [ac_db.py:673] AcInfo: 00000000 00000001 00100001 11100000 11000001 00000000 00000010 01010101 00110011 00110101 00110101 00110101 01100100 00110011 00110011 01010011 00111001 00000000 00000000 10011100 01101110 00000000 00000000 00000000 00000000 01100001 01110010 00000000 00000000 00000000 00000000 00000000 00000000 00000000 00000000 00000000 00000000 00000000 00000000
2020-05-29 17:12:36,972,972 DEBUG    [ac_db.py:673] AcInfo: 00000000 00000001 00100001 11100000 11000001 00000000 00000010 01010101 00110011 00110101 00110101 00110101 01100100 00110011 00110100 01010011 00111001 00000000 00000000 10011100 01101110 00000000 00000000 00000000 00000000 01100001 01110001 00101010 11100101 11101101 01001101 00010100 00011010 10101100 00011101 00100011 11111011 01101001 11100010
2020-05-29 17:12:43,548,548 DEBUG    [ac_db.py:673] AcInfo: 00000000 00000001 00100001 11100000 11000001 00000000 00000010 01010101 00110011 00110101 00110101 00110101 01100100 00110011 00110011 01010011 00111001 00000000 00000000 10011100 01101110 00000000 00000000 00000000 00000000 01100001 01110010 00000000 11110110 11001001 00010000 00110000 00010101 11000111 11011011 10100010 11011001 10000110 11101000
2020-05-29 17:12:50,130,130 DEBUG    [ac_db.py:673] AcInfo: 00000000 00000001 00100001 11100000 11000001 00000000 00000010 01010101 00110011 00110101 00110101 00110101 01100100 00110011 00110011 01010010 00111001 00000000 00000000 10011100 01101110 00000000 00000000 00000000 00000000 01100010 01110010 00110100 00101010 10011010 10001100 11101010 01110110 10001010 11011000 00100001 00110000 01101001 11011011
2020-05-29 17:12:56,747,747 DEBUG    [ac_db.py:673] AcInfo: 00000000 00000001 00100001 11100000 11000001 00000000 00000010 01010101 00110011 00110101 00110101 00110101 01100100 00110011 00110011 01010010 00111001 00000000 00000000 10011100 01101110 00000000 00000000 00000000 00000000 01100010 01110010 00000000 00000000 00000000 00000000 00000000 00000000 00000000 00000000 00000000 00000000 00000000 00000000
2020-05-29 17:13:03,321,321 DEBUG    [ac_db.py:673] AcInfo: 00000000 00000001 00100001 11100000 11000001 00000000 00000010 01010100 00110011 00110101 00110101 00110101 01100100 00110011 00110011 01010010 00111001 00000000 00000000 10011100 01101110 00000000 00000000 00000000 00000000 01100011 01110010 00000000 00000000 00000000 00000000 00000000 00000000 00000000 00000000 00000000 00000000 00000000 00000000
2020-05-29 17:13:09,947,947 DEBUG    [ac_db.py:673] AcInfo: 00000000 00000001 00100001 11100000 11000001 00000000 00000010 01010101 00110011 00110101 00110101 00110101 01100100 00110011 00110011 01010010 00111001 00000000 00000000 10011100 01101110 00000000 00000000 00000000 00000000 01100010 01110010 00011100 00011011 11000010 11111110 11100000 00100001 10011110 11101011 01010111 00110101 10101001 11111000
2020-05-29 17:13:16,535,535 DEBUG    [ac_db.py:673] AcInfo: 00000000 00000001 00100001 11100000 11000001 00000000 00000010 01010101 00110011 00110101 00110101 00110101 01100100 00110011 00110011 01010010 00111001 00000000 00000000 10011100 01101110 00000000 00000000 00000000 00000000 01100010 01110010 11000010 01100001 01001011 00010100 01011101 01010111 10001100 11001000 01110101 00101001 01010100 11100101
2020-05-29 17:13:23,114,114 DEBUG    [ac_db.py:673] AcInfo: 00000000 00000001 00100001 11100000 11000001 00000000 00000010 01010101 00110011 00110101 00110101 00110101 01100100 00110011 00110011 01010010 00111001 00000000 00000000 10011100 01101110 00000000 00000000 00000000 00000000 01100010 01110010 01011111 11100010 11101000 10101011 11111100 00111100 01101111 01110001 01100010 01110010 01000011 10001011
2020-05-29 17:13:29,687,687 DEBUG    [ac_db.py:673] AcInfo: 00000000 00000001 00100001 11100000 11000001 00000000 00000010 01010101 00110011 00110101 00110101 00110101 01100100 00110011 00110011 01010010 00111001 00000000 00000000 10011100 01101110 00000000 00000000 00000000 00000000 01100010 01110010 11001010 01001001 10001011 10110000 00001101 10000110 10000001 10111101 01000110 10000001 11100110 01001110
2020-05-29 17:13:36,315,315 DEBUG    [ac_db.py:673] AcInfo: 00000000 00000001 00100001 11100000 11000001 00000000 00000010 01010101 00110011 00110101 00110101 00110101 01100100 00110011 00110011 01010010 00111001 00000000 00000000 10011100 01101110 00000000 00000000 00000000 00000000 01100010 01110010 00000000 00000000 00000000 00000000 00000000 00000000 00000000 00000000 00000000 00000000 00000000 00000000
2020-05-29 17:13:42,941,941 DEBUG    [ac_db.py:673] AcInfo: 00000000 00000001 00100001 11100000 11000001 00000000 00000010 01010101 00110011 00110101 00110101 00110101 01100100 00110011 00110011 01010010 00111001 00000000 00000000 10011100 01101110 00000000 00000000 00000000 00000000 01100010 01110010 11000110 01001010 11111001 10000111 00111001 00100100 01110110 00111000 00010110 11010101 11110100 11111000
2020-05-29 17:13:49,536,536 DEBUG    [ac_db.py:673] AcInfo: 00000000 00000001 00100001 11100000 11000001 00000000 00000010 01010101 00110011 00110101 00110101 00110101 01100100 00110011 00110011 01010010 00111001 00000000 00000000 10011100 01101110 00000000 00000000 00000000 00000000 01100010 01110010 10011101 11100001 00110100 01011001 10000010 11100100 10010110 11001011 10110010 00010000 11001111 10100100
2020-05-29 17:13:56,155,155 DEBUG    [ac_db.py:673] AcInfo: 00000000 00000001 00100001 11100000 11000001 00000000 00000010 01010101 00110011 00110101 00110101 00110101 01100100 00110011 00110011 01010010 00111001 00000000 00000000 10011100 01101110 00000000 00000000 00000000 00000000 01100010 01110010 00000000 00000000 00000000 00000000 00000000 00000000 00000000 00000000 00000000 00000000 00000000 00000000
2020-05-29 17:14:02,733,733 DEBUG    [ac_db.py:673] AcInfo: 00000000 00000001 00100001 11100000 11000001 00000000 00000010 01010101 00110011 00110101 00110101 00110101 01100100 00110011 00110011 01010010 00111001 00000000 00000000 10011100 01101110 00000000 00000000 00000000 00000000 01100010 01110010 00000000 00000000 00000000 00000000 00000000 00000000 00000000 00000000 00000000 00000000 00000000 00000000
2020-05-29 17:14:09,364,364 DEBUG    [ac_db.py:673] AcInfo: 00000000 00000001 00100001 11100000 11000001 00000000 00000010 01010100 00110011 00110101 00110101 00110101 01100100 00110011 00110011 01010010 00111001 00000000 00000000 10011100 01101110 00000000 00000000 00000000 00000000 01100011 01110010 11000110 01001010 11111001 10000111 00111001 00100100 01110110 00111000 00010110 11010101 11110100 11111000
2020-05-29 17:14:15,942,942 DEBUG    [ac_db.py:673] AcInfo: 00000000 00000001 00100001 11100000 11000001 00000000 00000010 01010101 00110011 00110101 00110101 00110101 01100100 00110011 00110011 01010010 00111001 00000000 00000000 10011100 01101110 00000000 00000000 00000000 00000000 01100010 01110010 10101101 11110101 10100100 10111100 01110010 11100010 00011011 11110011 11001010 10101101 01111000 10001111
2020-05-29 17:14:22,514,514 DEBUG    [ac_db.py:673] AcInfo: 00000000 00000001 00100001 11100000 11000001 00000000 00000010 01010101 00110011 00110101 00110101 00110101 01100100 00110011 00110011 01010010 00111001 00000000 00000000 10011100 01101110 00000000 00000000 00000000 00000000 01100010 01110010 01100110 10111110 11111000 00000100 11010010 10101001 00101110 10001110 10011111 00011100 11011001 10000000
2020-05-29 17:14:29,127,127 DEBUG    [ac_db.py:673] AcInfo: 00000000 00000001 00100001 11100000 11000001 00000000 00000010 01010100 00110011 00110101 00110101 00110101 01100100 00110011 00110011 01010001 00111001 00000000 00000000 10011100 01101110 00000000 00000000 00000000 00000000 01100100 01110010 11001101 11000010 10011001 10100011 10011110 00010110 10100011 11011000 01111111 11001011 00000110 01110101
2020-05-29 17:14:35,742,742 DEBUG    [ac_db.py:673] AcInfo: 00000000 00000001 00100001 11100000 11000001 00000000 00000010 01010100 00110011 00110101 00110101 00110101 01100100 00110011 00110011 01010001 00111001 00000000 00000000 10011010 01101110 00000000 00000000 00000000 00000000 01100110 01110010 00000000 00000000 00000000 00000000 00000000 00000000 00000000 00000000 00000000 00000000 00000000 00000000
