2020-05-29 15:18:43,040,40 DEBUG    [ac_db.py:544] Debugging Enabled
2020-05-29 15:18:43,041,41 DEBUG    [ac_db.py:549] Authenticating
2020-05-29 15:18:43,063,63 DEBUG    [ac_db.py:552] Getting current details in init
2020-05-29 15:18:43,337,337 DEBUG    [ac_db.py:697] 00000000 00000001 00010001 10000111 00100000 00001001 01100000 00000000 11000000 00000000 00000000 00100000 00000000 00010000 00000000 00000000 01101100 10101101 00100010 10010101 10111100 10000110 10010010
2020-05-29 15:18:48,288,288 DEBUG    [ac_db.py:697] 00000000 00000001 00010001 10000111 00100000 00001001 01100000 00000000 11000000 00000000 00000000 00100000 00000000 00010000 00000000 00000000 01101100 10101101 10100100 10001010 11111011 00001011 00110001
2020-05-29 15:18:54,587,587 DEBUG    [ac_db.py:697] 00000000 00000001 00010001 10000111 00100000 00001001 01100000 00000000 11000000 00000000 00000000 00100000 00000000 00010000 00000000 00000000 01101100 10101101 11001011 01001110 00111011 10101110 11000010
2020-05-29 15:19:00,902,902 DEBUG    [ac_db.py:697] 00000000 00000001 00010001 10000111 00100000 00001001 01100000 00000000 11000000 00000000 00000000 00100000 00000000 00010000 00000000 00000000 01101100 10101101 00110001 00110001 01010101 01101001 01000001
2020-05-29 15:19:07,238,238 DEBUG    [ac_db.py:697] 00000000 00000001 00010001 10000111 00100000 00001001 01100000 00000000 11000000 00000000 00000000 00100000 00000000 00010000 00000000 00000000 01101100 10101101 00111111 10100111 00010011 10010011 00110100
2020-05-29 15:19:13,548,548 DEBUG    [ac_db.py:697] 00000000 00000001 00010001 10000111 00100000 00001001 01100000 00000000 11000000 00000000 00000000 00100000 00000000 00010000 00000000 00000000 01101100 10101101 01010011 01001101 01000010 00100101 00000000
2020-05-29 15:19:19,857,857 DEBUG    [ac_db.py:697] 00000000 00000001 00010001 10000111 00100000 00001010 01100000 00000000 11000000 00000000 00000000 00100000 00000000 00010000 00000000 00000000 01101011 10101101 00101110 00110001 10000111 10000010 00010011
2020-05-29 15:19:26,162,162 DEBUG    [ac_db.py:697] 00000000 00000001 00010001 10000111 00100000 00001010 01100000 00000000 11000000 00000000 00000000 00100000 00000000 00010000 00000000 00000000 01101011 10101101 00010101 00011101 10110100 01111111 10110111
2020-05-29 15:19:32,470,470 DEBUG    [ac_db.py:697] 00000000 00000001 00010001 10000111 00100000 00001010 01100000 00000000 11000000 00000000 00000000 00100000 00000000 00010000 00000000 00000000 01101011 10101101 00111011 00110000 00000000 00000000 00000000
2020-05-29 15:19:38,780,780 DEBUG    [ac_db.py:697] 00000000 00000001 00010001 10000111 00100000 00001010 01100000 00000000 11000000 00000000 00000000 00100000 00000000 00010000 00000000 00000000 01101011 10101101 00000000 00000000 00000000 00000000 00000000
2020-05-29 15:19:45,091,91 DEBUG    [ac_db.py:697] 00000000 00000001 00010001 10000111 00100000 00001010 01100000 00000000 11000000 00000000 00000000 00100000 00000000 00010000 00000000 00000000 01101011 10101101 11000110 11101000 00010110 01110001 01000010
2020-05-29 15:19:51,401,401 DEBUG    [ac_db.py:697] 00000000 00000001 00010001 10000111 00100000 00001010 01100000 00000000 11000000 00000000 00000000 00100000 00000000 00010000 00000000 00000000 01101011 10101101 01001001 11001001 10110011 00111101 00001011
2020-05-29 15:19:57,715,715 DEBUG    [ac_db.py:697] 00000000 00000001 00010001 10000111 00100000 00001010 01100000 00000000 11000000 00000000 00000000 00100000 00000000 00010000 00000000 00000000 01101011 10101101 01100111 00100001 11001011 11101011 00010110
2020-05-29 15:20:04,025,25 DEBUG    [ac_db.py:697] 00000000 00000001 00010001 10000111 00100000 00001010 01100000 00000000 11000000 00000000 00000000 00100000 00000000 00010000 00000000 00000000 01101011 10101101 00110001 00110001 01010101 01101001 01000001
2020-05-29 15:20:10,350,350 DEBUG    [ac_db.py:697] 00000000 00000001 00010001 10000111 00100000 00001010 01100000 00000000 11000000 00000000 00000000 00100000 00000000 00010000 00000000 00000000 01101011 10101101 01100101 01101010 01000110 00111000 01011101
2020-05-29 15:20:16,653,653 DEBUG    [ac_db.py:697] 00000000 00000001 00010001 10000111 00100000 00001011 01100000 00000000 11000000 00000000 00000000 00100000 00000000 00010000 00000000 00000000 01101010 10101101 11101011 01000100 01001010 00011000 01011010
2020-05-29 15:20:22,955,955 DEBUG    [ac_db.py:697] 00000000 00000001 00010001 10000111 00100000 00001011 01100000 00000000 11000000 00000000 00000000 00100000 00000000 00010000 00000000 00000000 01101010 10101101 01111011 10101110 11100011 11000010 00101111
2020-05-29 15:20:29,257,257 DEBUG    [ac_db.py:697] 00000000 00000001 00010001 10000111 00100000 00001011 01100000 00000000 11000000 00000000 00000000 00100000 00000000 00010000 00000000 00000000 01101010 10101101 00111011 00110000 00000000 00000000 00000000
2020-05-29 15:20:41,874,874 DEBUG    [ac_db.py:697] 00000000 00000001 00010001 10000111 00100000 00001011 01100000 00000000 11000000 00000000 00000000 00100000 00000000 00010000 00000000 00000000 01101010 10101101 00000000 00000000 00000000 00000000 00000000
2020-05-29 15:20:48,182,182 DEBUG    [ac_db.py:697] 00000000 00000001 00010001 10000111 00100000 00001011 01100000 00000000 11000000 00000000 00000000 00100000 00000000 00010000 00000000 00000000 01101010 10101101 00110011 00000010 11100011 00000011 01000010
2020-05-29 15:20:54,495,495 DEBUG    [ac_db.py:697] 00000000 00000001 00010001 10000111 00100000 00001011 01100000 00000000 11000000 00000000 00000000 00100000 00000000 00010000 00000000 00000000 01101010 10101101 01100110 00000000 01011001 11100101 11001001
2020-05-29 15:21:00,800,800 DEBUG    [ac_db.py:697] 00000000 00000001 00010001 10000111 00100000 00001011 01100000 00000000 11000000 00000000 00000000 00100000 00000000 00010000 00000000 00000000 01101010 10101101 00110001 00110001 01010101 01101001 01000001
2020-05-29 15:21:07,125,125 DEBUG    [ac_db.py:697] 00000000 00000001 00010001 10000111 00100000 00001011 01100000 00000000 11000000 00000000 00000000 00100000 00000000 00010000 00000000 00000000 01101010 10101101 01100111 11111110 01111011 11001011 01011011
2020-05-29 15:21:13,465,465 DEBUG    [ac_db.py:697] 00000000 00000001 00010001 10000111 00100000 00001011 01100000 00000000 11000000 00000000 00000000 00100000 00000000 00010000 00000000 00000000 01101010 10101101 10110010 00111110 10011101 11001001 01011110
2020-05-29 15:21:19,768,768 DEBUG    [ac_db.py:697] 00000000 00000001 00010001 10000111 00100000 00001100 01100000 00000000 11000000 00000000 00000000 00100000 00000000 00010000 00000000 00000000 01101001 10101101 01101101 00011000 01111110 01101101 00010100
2020-05-29 15:21:26,070,70 DEBUG    [ac_db.py:697] 00000000 00000001 00010001 10000111 00100000 00001100 01100000 00000000 11000000 00000000 00000000 00100000 00000000 00010000 00000000 00000000 01101001 10101101 01011000 11110111 00000001 10010110 00001001
2020-05-29 15:21:32,368,368 DEBUG    [ac_db.py:697] 00000000 00000001 00010001 10000111 00100000 00001100 01100000 00000000 11000000 00000000 00000000 00100000 00000000 00010000 00000000 00000000 01101001 10101101 00111011 00110000 00000000 00000000 00000000
2020-05-29 15:21:38,676,676 DEBUG    [ac_db.py:697] 00000000 00000001 00010001 10000111 00100000 00001100 01100000 00000000 11000000 00000000 00000000 00100000 00000000 00010000 00000000 00000000 01101001 10101101 01110000 10011111 00000100 10100111 00010011
2020-05-29 15:21:44,982,982 DEBUG    [ac_db.py:697] 00000000 00000001 00010001 10000111 00100000 00001100 01100000 00000000 11000000 00000000 00000000 00100000 00000000 00010000 00000000 00000000 01101001 10101101 00000000 00000000 00000000 00000000 00000000
2020-05-29 15:21:51,285,285 DEBUG    [ac_db.py:697] 00000000 00000001 00010001 10000111 00100000 00001100 01100000 00000000 11000000 00000000 00000000 00100000 00000000 00010000 00000000 00000000 01101001 10101101 00000000 00100001 00100110 10000100 01101111
2020-05-29 15:21:57,588,588 DEBUG    [ac_db.py:697] 00000000 00000001 00010001 10000111 00100000 00001100 01100000 00000000 11000000 00000000 00000000 00100000 00000000 00010000 00000000 00000000 01101001 10101101 11101000 00000110 11101000 10100001 01101000
2020-05-29 15:22:03,892,892 DEBUG    [ac_db.py:697] 00000000 00000001 00010001 10000111 00100000 00001100 01100000 00000000 11000000 00000000 00000000 00100000 00000000 00010000 00000000 00000000 01101001 10101101 00110001 00110001 01010101 01101001 01000001
2020-05-29 15:22:10,193,193 DEBUG    [ac_db.py:697] 00000000 00000001 00010001 10000111 00100000 00001100 01100000 00000000 11000000 00000000 00000000 00100000 00000000 00010000 00000000 00000000 01101001 10101101 01111110 00000101 11100010 10101100 11100011
2020-05-29 15:22:16,533,533 DEBUG    [ac_db.py:697] 00000000 00000001 00010001 10000111 00100000 00001101 01100000 00000000 11000000 00000000 00000000 00100000 00000000 00010000 00000000 00000000 01101000 10101101 11011000 00001100 00110000 01100101 11100110
2020-05-29 15:22:22,832,832 DEBUG    [ac_db.py:697] 00000000 00000001 00010001 10000111 00100000 00001101 01100000 00000000 11000000 00000000 00000000 00100000 00000000 00010000 00000000 00000000 01101000 10101101 11111000 00011110 01101100 10110110 01001000
2020-05-29 15:22:29,132,132 DEBUG    [ac_db.py:697] 00000000 00000001 00010001 10000111 00100000 00001101 01100000 00000000 11000000 00000000 00000000 00100000 00000000 00010000 00000000 00000000 01101000 10101101 00111011 00110000 00000000 00000000 00000000
2020-05-29 15:22:35,436,436 DEBUG    [ac_db.py:697] 00000000 00000001 00010001 10000111 00100000 00001101 01100000 00000000 11000000 00000000 00000000 00100000 00000000 00010000 00000000 00000000 01101000 10101101 01110010 11010010 10011010 10011010 01100110
2020-05-29 15:22:41,737,737 DEBUG    [ac_db.py:697] 00000000 00000001 00010001 10000111 00100000 00001101 01100000 00000000 11000000 00000000 00000000 00100000 00000000 00010000 00000000 00000000 01101000 10101101 00010100 00101110 11100100 11001001 00001101
2020-05-29 15:22:48,036,36 DEBUG    [ac_db.py:697] 00000000 00000001 00010001 10000111 00100000 00001101 01100000 00000000 11000000 00000000 00000000 00100000 00000000 00010000 00000000 00000000 01101000 10101101 10000110 00101011 11001000 11011001 01100011
2020-05-29 15:22:54,341,341 DEBUG    [ac_db.py:697] 00000000 00000001 00010001 10000111 00100000 00001101 01100000 00000000 11000000 00000000 00000000 00100000 00000000 00010000 00000000 00000000 01101000 10101101 01010011 01001101 01000010 00100101 00000000
2020-05-29 15:23:00,657,657 DEBUG    [ac_db.py:697] 00000000 00000001 00010001 10000111 00100000 00001101 01100000 00000000 11000000 00000000 00000000 00100000 00000000 00010000 00000000 00000000 01101000 10101101 00110001 00110001 01010101 01101001 01000001
2020-05-29 15:23:06,958,958 DEBUG    [ac_db.py:697] 00000000 00000001 00010001 10000111 00100000 00001101 01100000 00000000 11000000 00000000 00000000 00100000 00000000 00010000 00000000 00000000 01101000 10101101 10000000 10011010 10110001 11101011 10011000
2020-05-29 15:23:13,258,258 DEBUG    [ac_db.py:697] 00000000 00000001 00010001 10000111 00100000 00001101 01100000 00000000 11000000 00000000 00000000 00100000 00000000 00010000 00000000 00000000 01101000 10101101 01010011 01001101 01000010 00100101 00000000
2020-05-29 15:23:19,560,560 DEBUG    [ac_db.py:697] 00000000 00000001 00010001 10000111 00100000 00001110 01100000 00000000 11000000 00000000 00000000 00100000 00000000 00010000 00000000 00000000 01100111 10101101 01011101 11110100 10010001 11101111 00000101
2020-05-29 15:23:25,864,864 DEBUG    [ac_db.py:697] 00000000 00000001 00010001 10000111 00100000 00001110 01100000 00000000 11000000 00000000 00000000 00100000 00000000 00010000 00000000 00000000 01100111 10101101 10110001 00001101 00011001 01011110 00111110
2020-05-29 15:23:32,169,169 DEBUG    [ac_db.py:697] 00000000 00000001 00010001 10000111 00100000 00001110 01100000 00000000 11000000 00000000 00000000 00100000 00000000 00010000 00000000 00000000 01100111 10101101 00111011 00110000 00000000 00000000 00000000
2020-05-29 15:23:38,474,474 DEBUG    [ac_db.py:697] 00000000 00000001 00010001 10000111 00100000 00001110 01100000 00000000 11000000 00000000 00000000 00100000 00000000 00010000 00000000 00000000 01100111 10101101 10000001 11011000 11101001 11111011 00011010
2020-05-29 15:23:45,781,781 DEBUG    [ac_db.py:697] 00000000 00000001 00010001 10000111 00100000 00001110 01100000 00000000 11000000 00000000 00000000 00100000 00000000 00010000 00000000 00000000 01100111 10101101 00001001 00110001 11001110 10010111 10011100
2020-05-29 15:23:52,084,84 DEBUG    [ac_db.py:697] 00000000 00000001 00010001 10000111 00100000 00001110 01100000 00000000 11000000 00000000 00000000 00100000 00000000 00010000 00000000 00000000 01100111 10101101 11000111 10010100 00101001 10100010 10011100
2020-05-29 15:23:58,388,388 DEBUG    [ac_db.py:697] 00000000 00000001 00010001 10000111 00100000 00001110 01100000 00000000 11000000 00000000 00000000 00100000 00000000 00010000 00000000 00000000 01100111 10101101 00000000 00000000 00000000 00000000 00000000
2020-05-29 15:24:04,726,726 DEBUG    [ac_db.py:697] 00000000 00000001 00010001 10000111 00100000 00001110 01100000 00000000 11000000 00000000 00000000 00100000 00000000 00010000 00000000 00000000 01100111 10101101 00110001 00110001 01010101 01101001 01000001
2020-05-29 15:24:11,026,26 DEBUG    [ac_db.py:697] 00000000 00000001 00010001 10000111 00100000 00001110 01100000 00000000 11000000 00000000 00000000 00100000 00000000 00010000 00000000 00000000 01100111 10101101 10000101 10011101 10010000 10000100 00010101
2020-05-29 15:24:17,326,326 DEBUG    [ac_db.py:697] 00000000 00000001 00010001 10000111 00100000 00001111 01100000 00000000 11000000 00000000 00000000 00100000 00000000 00010000 00000000 00000000 01100110 10101101 00111110 01001110 00000111 01010110 10101001
2020-05-29 15:24:23,626,626 DEBUG    [ac_db.py:697] 00000000 00000001 00010001 10000111 00100000 00001111 01100000 00000000 11000000 00000000 00000000 00100000 00000000 00010000 00000000 00000000 01100110 10101101 00001110 10110101 00101010 00011101 11010001
2020-05-29 15:24:29,925,925 DEBUG    [ac_db.py:697] 00000000 00000001 00010001 10000111 00100000 00001111 01100000 00000000 11000000 00000000 00000000 00100000 00000000 00010000 00000000 00000000 01100110 10101101 00111011 00110000 00000000 00000000 00000000
2020-05-29 15:24:36,225,225 DEBUG    [ac_db.py:697] 00000000 00000001 00010001 10000111 00100000 00001111 01100000 00000000 11000000 00000000 00000000 00100000 00000000 00010000 00000000 00000000 01100110 10101101 11001111 01011000 00101101 11111011 01010101
2020-05-29 15:24:42,525,525 DEBUG    [ac_db.py:697] 00000000 00000001 00010001 10000111 00100000 00001111 01100000 00000000 11000000 00000000 00000000 00100000 00000000 00010000 00000000 00000000 01100110 10101101 01010010 11101100 10111101 11000000 10110001
2020-05-29 15:24:48,857,857 DEBUG    [ac_db.py:697] 00000000 00000001 00010001 10000111 00100000 00001111 01100000 00000000 11000000 00000000 00000000 00100000 00000000 00010000 00000000 00000000 01100110 10101101 11001000 10010111 01000111 01100110 00100101
2020-05-29 15:24:55,159,159 DEBUG    [ac_db.py:697] 00000000 00000001 00010001 10000111 00100000 00001111 01100000 00000000 11000000 00000000 00000000 00100000 00000000 00010000 00000000 00000000 01100110 10101101 00100110 01011101 10101001 01101100 01100011
2020-05-29 15:25:01,461,461 DEBUG    [ac_db.py:697] 00000000 00000001 00010001 10000111 00100000 00001111 01100000 00000000 11000000 00000000 00000000 00100000 00000000 00010000 00000000 00000000 01100110 10101101 00110001 00110001 01010101 01101001 01000001
2020-05-29 15:25:07,750,750 DEBUG    [ac_db.py:697] 00000000 00000001 00010001 10000111 00100000 00001111 01100000 00000000 11000000 00000000 00000000 00100000 00000000 00010000 00000000 00000000 01100110 10101101 11100000 01011010 10111000 10000100 10011000
2020-05-29 15:25:14,050,50 DEBUG    [ac_db.py:697] 00000000 00000001 00010001 10000111 00100000 00001111 01100000 00000000 11000000 00000000 00000000 00100000 00000000 00010000 00000000 00000000 01100110 10101101 00001110 00110011 10100100 01101001 00100111
2020-05-29 15:25:20,351,351 DEBUG    [ac_db.py:697] 00000000 00000001 00010001 10000111 00100000 00010000 01100000 00000000 11000000 00000000 00000000 00100000 00000000 00010000 00000000 00000000 01100101 10101101 11111001 00011010 01011011 00111000 10110111
2020-05-29 15:25:26,651,651 DEBUG    [ac_db.py:697] 00000000 00000001 00010001 10000111 00100000 00010000 01100000 00000000 11000000 00000000 00000000 00100000 00000000 00010000 00000000 00000000 01100101 10101101 01111011 10011010 10101101 00100111 00010100
2020-05-29 15:25:32,950,950 DEBUG    [ac_db.py:697] 00000000 00000001 00010001 10000111 00100000 00010000 01100000 00000000 11000000 00000000 00000000 00100000 00000000 00010000 00000000 00000000 01100101 10101101 00111011 00110000 00000000 00000000 00000000
2020-05-29 15:25:39,249,249 DEBUG    [ac_db.py:697] 00000000 00000001 00010001 10000111 00100000 00010000 01100000 00000000 11000000 00000000 00000000 00100000 00000000 00010000 00000000 00000000 01100101 10101101 00000110 00110100 10010011 00110110 11001110
2020-05-29 15:25:45,553,553 DEBUG    [ac_db.py:697] 00000000 00000001 00010001 10000111 00100000 00010000 01100000 00000000 11000000 00000000 00000000 00100000 00000000 00010000 00000000 00000000 01100101 10101101 01010110 11100001 01011100 01110101 10101101
2020-05-29 15:25:51,863,863 DEBUG    [ac_db.py:697] 00000000 00000001 00010001 10000111 00100000 00010000 01100000 00000000 11000000 00000000 00000000 00100000 00000000 00010000 00000000 00000000 01100101 10101101 00110010 00011101 01011111 00010001 00001101
2020-05-29 15:25:58,167,167 DEBUG    [ac_db.py:697] 00000000 00000001 00010001 10000111 00100000 00010000 01100000 00000000 11000000 00000000 00000000 00100000 00000000 00010000 00000000 00000000 01100101 10101101 11010000 11111001 10101101 11011111 01101001
2020-05-29 15:26:04,498,498 DEBUG    [ac_db.py:697] 00000000 00000001 00010001 10000111 00100000 00010000 01100000 00000000 11000000 00000000 00000000 00100000 00000000 00010000 00000000 00000000 01100101 10101101 00111011 00110000 00000000 00000000 00000000
2020-05-29 15:26:10,808,808 DEBUG    [ac_db.py:697] 00000000 00000001 00010001 10000111 00100000 00010000 01100000 00000000 11000000 00000000 00000000 00100000 00000000 00010000 00000000 00000000 01100101 10101101 00000110 00110100 10010011 00110110 11001110
2020-05-29 15:26:17,118,118 DEBUG    [ac_db.py:697] 00000000 00000001 00010001 10000111 00100000 00010001 01100000 00000000 11000000 00000000 00000000 00100000 00000000 00010000 00000000 00000000 01100100 10101101 01010110 11100001 01011100 01110101 10101101
2020-05-29 15:26:23,426,426 DEBUG    [ac_db.py:697] 00000000 00000001 00010001 10000111 00100000 00010001 01100000 00000000 11000000 00000000 00000000 00100000 00000000 00010000 00000000 00000000 01100100 10101101 01001101 11011000 01001101 00001000 10100111
2020-05-29 15:26:29,730,730 DEBUG    [ac_db.py:697] 00000000 00000001 00010001 10000111 00100000 00010001 01100000 00000000 11000000 00000000 00000000 00100000 00000000 00010000 00000000 00000000 01100100 10101101 11011101 00100101 00011001 11011011 01101101
2020-05-29 15:26:36,039,39 DEBUG    [ac_db.py:697] 00000000 00000001 00010001 10000111 00100000 00010001 01100000 00000000 11000000 00000000 00000000 00100000 00000000 00010000 00000000 00000000 01100100 10101101 00111011 00110000 00000000 00000000 00000000
2020-05-29 15:26:42,351,351 DEBUG    [ac_db.py:697] 00000000 00000001 00010001 10000111 00100000 00010001 01100000 00000000 11000000 00000000 00000000 00100000 00000000 00010000 00000000 00000000 01100100 10101101 01011011 01100100 10001010 01110011 01000100
2020-05-29 15:26:48,658,658 DEBUG    [ac_db.py:697] 00000000 00000001 00010001 10000111 00100000 00010001 01100000 00000000 11000000 00000000 00000000 00100000 00000000 00010000 00000000 00000000 01100100 10101101 11010000 00011010 01101000 10001001 10100010
2020-05-29 15:26:54,960,960 DEBUG    [ac_db.py:697] 00000000 00000001 00010001 10000111 00100000 00010001 01100000 00000000 11000000 00000000 00000000 00100000 00000000 00010000 00000000 00000000 01100100 10101101 11101011 00010100 00000110 10110000 00100010
2020-05-29 15:27:01,277,277 DEBUG    [ac_db.py:697] 00000000 00000001 00010001 10000111 00100000 00010001 01100000 00000000 11000000 00000000 00000000 00100000 00000000 00010000 00000000 00000000 01100100 10101101 00111011 00110000 00000000 00000000 00000000
2020-05-29 15:27:07,568,568 DEBUG    [ac_db.py:697] 00000000 00000001 00010001 10000111 00100000 00010001 01100000 00000000 11000000 00000000 00000000 00100000 00000000 00010000 00000000 00000000 01100100 10101101 00000000 00000000 00000000 00000000 00000000
2020-05-29 15:27:13,871,871 DEBUG    [ac_db.py:697] 00000000 00000001 00010001 10000111 00100000 00010010 01100000 00000000 11000000 00000000 00000000 00100000 00000000 00010000 00000000 00000000 01100011 10101101 10001010 10110001 00011100 00101111 10100101
2020-05-29 15:27:20,180,180 DEBUG    [ac_db.py:697] 00000000 00000001 00010001 10000111 00100000 00010010 01100000 00000000 11000000 00000000 00000000 00100000 00000000 00010000 00000000 00000000 01100011 10101101 01111010 01010010 10100111 11110000 01111001
2020-05-29 15:27:26,486,486 DEBUG    [ac_db.py:697] 00000000 00000001 00010001 10000111 00100000 00010010 01100000 00000000 11000000 00000000 00000000 00100000 00000000 00010000 00000000 00000000 01100011 10101101 00010111 10111001 11010111 10010101 01011101
2020-05-29 15:27:32,789,789 DEBUG    [ac_db.py:697] 00000000 00000001 00010001 10000111 00100000 00010010 01100000 00000000 11000000 00000000 00000000 00100000 00000000 00010000 00000000 00000000 01100011 10101101 00111011 00110000 00000000 00000000 00000000
2020-05-29 15:27:39,107,107 DEBUG    [ac_db.py:697] 00000000 00000001 00010001 10000111 00100000 00010010 01100000 00000000 11000000 00000000 00000000 00100000 00000000 00010000 00000000 00000000 01100011 10101101 01011100 00001111 01010100 00011010 11001010
2020-05-29 15:27:45,410,410 DEBUG    [ac_db.py:697] 00000000 00000001 00010001 10000111 00100000 00010010 01100000 00000000 11000000 00000000 00000000 00100000 00000000 00010000 00000000 00000000 01100011 10101101 10111101 00010100 11010010 01000100 00000001
2020-05-29 15:27:51,726,726 DEBUG    [ac_db.py:697] 00000000 00000001 00010001 10000111 00100000 00010010 01100000 00000000 11000000 00000000 00000000 00100000 00000000 00010000 00000000 00000000 01100011 10101101 11001010 01111010 11001101 11110000 11101000
2020-05-29 15:27:58,024,24 DEBUG    [ac_db.py:697] 00000000 00000001 00010001 10000111 00100000 00010010 01100000 00000000 11000000 00000000 00000000 00100000 00000000 00010000 00000000 00000000 01100011 10101101 10100101 11110100 01000010 10100101 00110011
2020-05-29 15:28:04,326,326 DEBUG    [ac_db.py:697] 00000000 00000001 00010001 10000111 00100000 00010010 01100000 00000000 11000000 00000000 00000000 00100000 00000000 00010000 00000000 00000000 01100011 10101101 00111011 00110000 00000000 00000000 00000000
2020-05-29 15:28:10,628,628 DEBUG    [ac_db.py:697] 00000000 00000001 00010001 10000111 00100000 00010010 01100000 00000000 11000000 00000000 00000000 00100000 00000000 00010000 00000000 00000000 01100011 10101101 00000000 00000000 00000000 00000000 00000000
2020-05-29 15:28:16,933,933 DEBUG    [ac_db.py:697] 00000000 00000001 00010001 10000111 00100000 00010011 01100000 00000000 11000000 00000000 00000000 00100000 00000000 00010000 00000000 00000000 01100010 10101101 00101111 10110010 00000101 11001100 01101111
2020-05-29 15:28:23,235,235 DEBUG    [ac_db.py:697] 00000000 00000001 00010001 10000111 00100000 00010011 01100000 00000000 11000000 00000000 00000000 00100000 00000000 00010000 00000000 00000000 01100010 10101101 10000010 10100100 01101000 01011000 11010100
2020-05-29 15:28:29,537,537 DEBUG    [ac_db.py:697] 00000000 00000001 00010001 10000111 00100000 00010011 01100000 00000000 11000000 00000000 00000000 00100000 00000000 00010000 00000000 00000000 01100010 10101101 11011000 00011100 00110000 01001000 11110110
2020-05-29 15:28:35,848,848 DEBUG    [ac_db.py:697] 00000000 00000001 00010001 10000111 00100000 00010011 01100000 00000000 11000000 00000000 00000000 00100000 00000000 00010000 00000000 00000000 01100010 10101101 00111011 00110000 00000000 00000000 00000000
2020-05-29 15:28:42,156,156 DEBUG    [ac_db.py:697] 00000000 00000001 00010001 10000111 00100000 00010011 01100000 00000000 11000000 00000000 00000000 00100000 00000000 00010000 00000000 00000000 01100010 10101101 11001011 10110100 11111101 11110111 11101001
2020-05-29 15:28:48,465,465 DEBUG    [ac_db.py:697] 00000000 00000001 00010001 10000111 00100000 00010011 01100000 00000000 11000000 00000000 00000000 00100000 00000000 00010000 00000000 00000000 01100010 10101101 00001000 11100010 11110110 00000011 10010000
2020-05-29 15:28:54,763,763 DEBUG    [ac_db.py:697] 00000000 00000001 00010001 10000111 00100000 00010011 01100000 00000000 11000000 00000000 00000000 00100000 00000000 00010000 00000000 00000000 01100010 10101101 01001010 10111000 11100101 11110111 11101101
2020-05-29 15:29:01,066,66 DEBUG    [ac_db.py:697] 00000000 00000001 00010001 10000111 00100000 00010011 01100000 00000000 11000000 00000000 00000000 00100000 00000000 00010000 00000000 00000000 01100010 10101101 00111011 00110000 00000000 00000000 00000000
2020-05-29 15:29:07,357,357 DEBUG    [ac_db.py:697] 00000000 00000001 00010001 10000111 00100000 00010011 01100000 00000000 11000000 00000000 00000000 00100000 00000000 00010000 00000000 00000000 01100010 10101101 11001011 10110100 11111101 11110111 11101001
2020-05-29 15:29:13,678,678 DEBUG    [ac_db.py:697] 00000000 00000001 00010001 10000111 00100000 00010100 01100000 00000000 11000000 00000000 00000000 00100000 00000000 00010000 00000000 00000000 01100001 10101101 00000000 00000000 00000000 00000000 00000000
2020-05-29 15:29:19,991,991 DEBUG    [ac_db.py:697] 00000000 00000001 00010001 10000111 00100000 00010100 01100000 00000000 11000000 00000000 00000000 00100000 00000000 00010000 00000000 00000000 01100001 10101101 00000000 00000000 00000000 00000000 00000000
2020-05-29 15:29:26,397,397 DEBUG    [ac_db.py:697] 00000000 00000001 00010001 10000111 00100000 00010100 01100000 00000000 11000000 00000000 00000000 00100000 00000000 00010000 00000000 00000000 01100001 10101101 11100111 00111011 01101110 11111000 11100101
2020-05-29 15:29:32,703,703 DEBUG    [ac_db.py:697] 00000000 00000001 00010001 10000111 00100000 00010100 01100000 00000000 11000000 00000000 00000000 00100000 00000000 00010000 00000000 00000000 01100001 10101101 00000000 00000000 00000000 00000000 00000000
2020-05-29 15:29:39,006,6 DEBUG    [ac_db.py:697] 00000000 00000001 00010001 10000111 00100000 00010100 01100000 00000000 11000000 00000000 00000000 00100000 00000000 00010000 00000000 00000000 01100001 10101101 00000000 00000000 00000000 00000000 00000000
2020-05-29 15:29:45,326,326 DEBUG    [ac_db.py:697] 00000000 00000001 00010001 10000111 00100000 00010100 01100000 00000000 11000000 00000000 00000000 00100000 00000000 00010000 00000000 00000000 01100001 10101101 00000000 00000000 00000000 00000000 00000000
2020-05-29 15:29:51,774,774 DEBUG    [ac_db.py:697] 00000000 00000001 00010001 10000111 00100000 00010100 01100000 00000000 11000000 00000000 00000000 00100000 00000000 00010000 00000000 00000000 01100001 10101101 00000000 00000000 00000000 00000000 00000000
2020-05-29 15:29:58,074,74 DEBUG    [ac_db.py:697] 00000000 00000001 00010001 10000111 00100000 00010100 01100000 00000000 11000000 00000000 00000000 00100000 00000000 00010000 00000000 00000000 01100001 10101101 00000000 00000000 00000000 00000000 00000000
2020-05-29 15:30:04,403,403 DEBUG    [ac_db.py:697] 00000000 00000001 00010001 10000111 00100000 00010100 01100000 00000000 11000000 00000000 00000000 00100000 00000000 00010000 00000000 00000000 01100001 10101101 00000000 00000000 00000000 00000000 00000000
2020-05-29 15:30:10,710,710 DEBUG    [ac_db.py:697] 00000000 00000001 00010001 10000111 00100000 00010100 01100000 00000000 11000000 00000000 00000000 00100000 00000000 00010000 00000000 00000000 01100001 10101101 00000000 00000000 00000000 00000000 00000000
2020-05-29 15:30:17,015,15 DEBUG    [ac_db.py:697] 00000000 00000001 00010001 10000111 00100000 00010101 01100000 00000000 11000000 00000000 00000000 00100000 00000000 00010000 00000000 00000000 01100000 10101101 00000000 00000000 00000000 00000000 00000000
2020-05-29 15:30:23,318,318 DEBUG    [ac_db.py:697] 00000000 00000001 00010001 10000111 00100000 00010101 01100000 00000000 11000000 00000000 00000000 00100000 00000000 00010000 00000000 00000000 01100000 10101101 00000000 00000000 00000000 00000000 00000000
2020-05-29 15:30:35,939,939 DEBUG    [ac_db.py:697] 00000000 00000001 00010001 10000111 00100000 00010101 01100000 00000000 11000000 00000000 00000000 00100000 00000000 00010000 00000000 00000000 01100000 10101101 00000000 00000000 00000000 00000000 00000000
2020-05-29 15:30:42,273,273 DEBUG    [ac_db.py:697] 00000000 00000001 00010001 10000111 00100000 00010101 01100000 00000000 11000000 00000000 00000000 00100000 00000000 00010000 00000000 00000000 01100000 10101101 00000000 00000000 00000000 00000000 00000000
2020-05-29 15:30:48,576,576 DEBUG    [ac_db.py:697] 00000000 00000001 00010001 10000111 00100000 00010101 01100000 00000000 11000000 00000000 00000000 00100000 00000000 00010000 00000000 00000000 01100000 10101101 00000000 00000000 00000000 00000000 00000000
2020-05-29 15:30:54,873,873 DEBUG    [ac_db.py:697] 00000000 00000001 00010001 10000111 00100000 00010101 01100000 00000000 11000000 00000000 00000000 00100000 00000000 00010000 00000000 00000000 01100000 10101101 00000000 00000000 00000000 00000000 00000000
2020-05-29 15:31:01,372,372 DEBUG    [ac_db.py:697] 00000000 00000001 00010001 10000111 00100000 00010101 01100000 00000000 11000000 00000000 00000000 00100000 00000000 00010000 00000000 00000000 01100000 10101101 11011000 01010111 00110100 01011111 10111100
2020-05-29 15:31:07,668,668 DEBUG    [ac_db.py:697] 00000000 00000001 00010001 10000111 00100000 00010101 01100000 00000000 11000000 00000000 00000000 00100000 00000000 00010000 00000000 00000000 01100000 10101101 00000000 00000000 00000000 00000000 00000000
2020-05-29 15:31:13,971,971 DEBUG    [ac_db.py:697] 00000000 00000001 00010001 10000111 00100000 00010110 01100000 00000000 11000000 00000000 00000000 00100000 00000000 00010000 00000000 00000000 01011111 10101101 00000000 00000000 00000000 00000000 00000000
2020-05-29 15:31:20,274,274 DEBUG    [ac_db.py:697] 00000000 00000001 00010001 10000111 00100000 00010110 01100000 00000000 11000000 00000000 00000000 00100000 00000000 00010000 00000000 00000000 01011111 10101101 00000000 00000000 00000000 00000000 00000000
2020-05-29 15:31:26,687,687 DEBUG    [ac_db.py:697] 00000000 00000001 00010001 10000111 00100000 00010110 01100000 00000000 11000000 00000000 00000000 00100000 00000000 00010000 00000000 00000000 01011111 10101101 10110101 10110110 01010101 00010111 01100010
2020-05-29 15:31:32,989,989 DEBUG    [ac_db.py:697] 00000000 00000001 00010001 10000111 00100000 00010110 01100000 00000000 11000000 00000000 00000000 00100000 00000000 00010000 00000000 00000000 01011111 10101101 00000000 00000000 00000000 00000000 00000000
2020-05-29 15:31:39,292,292 DEBUG    [ac_db.py:697] 00000000 00000001 00010001 10000111 00100000 00010110 01100000 00000000 11000000 00000000 00000000 00100000 00000000 00010000 00000000 00000000 01011111 10101101 00000000 00000000 00000000 00000000 00000000
2020-05-29 15:31:45,595,595 DEBUG    [ac_db.py:697] 00000000 00000001 00010001 10000111 00100000 00010110 01100000 00000000 11000000 00000000 00000000 00100000 00000000 00010000 00000000 00000000 01011111 10101101 00000000 00000000 00000000 00000000 00000000
2020-05-29 15:31:51,892,892 DEBUG    [ac_db.py:697] 00000000 00000001 00010001 10000111 00100000 00010110 01100000 00000000 11000000 00000000 00000000 00100000 00000000 00010000 00000000 00000000 01011111 10101101 00000000 00000000 00000000 00000000 00000000
2020-05-29 15:31:58,190,190 DEBUG    [ac_db.py:697] 00000000 00000001 00010001 10000111 00100000 00010110 01100000 00000000 11000000 00000000 00000000 00100000 00000000 00010000 00000000 00000000 01011111 10101101 00000000 00000000 00000000 00000000 00000000
2020-05-29 15:32:04,503,503 DEBUG    [ac_db.py:697] 00000000 00000001 00010001 10000111 00100000 00010110 01100000 00000000 11000000 00000000 00000000 00100000 00000000 00010000 00000000 00000000 01011111 10101101 00000000 00000000 00000000 00000000 00000000
2020-05-29 15:32:10,806,806 DEBUG    [ac_db.py:697] 00000000 00000001 00010001 10000111 00100000 00010110 01100000 00000000 11000000 00000000 00000000 00100000 00000000 00010000 00000000 00000000 01011111 10101101 00000000 00000000 00000000 00000000 00000000
2020-05-29 15:32:17,110,110 DEBUG    [ac_db.py:697] 00000000 00000001 00010001 10000111 00100000 00010111 01100000 00000000 11000000 00000000 00000000 00100000 00000000 00010000 00000000 00000000 01011110 10101101 00000000 00000000 00000000 00000000 00000000
2020-05-29 15:32:23,410,410 DEBUG    [ac_db.py:697] 00000000 00000001 00010001 10000111 00100000 00010111 01100000 00000000 11000000 00000000 00000000 00100000 00000000 00010000 00000000 00000000 01011110 10101101 00000000 00000000 00000000 00000000 00000000
2020-05-29 15:32:29,713,713 DEBUG    [ac_db.py:697] 00000000 00000001 00010001 10000111 00100000 00010111 01100000 00000000 11000000 00000000 00000000 00100000 00000000 00010000 00000000 00000000 01011110 10101101 00000000 00000000 00000000 00000000 00000000
2020-05-29 15:32:36,016,16 DEBUG    [ac_db.py:697] 00000000 00000001 00010001 10000111 00100000 00010111 01100000 00000000 11000000 00000000 00000000 00100000 00000000 00010000 00000000 00000000 01011110 10101101 00000000 00000000 00000000 00000000 00000000
2020-05-29 15:32:42,326,326 DEBUG    [ac_db.py:697] 00000000 00000001 00010001 10000111 00100000 00010111 01100000 00000000 11000000 00000000 00000000 00100000 00000000 00010000 00000000 00000000 01011110 10101101 00000000 00000000 00000000 00000000 00000000
2020-05-29 15:32:48,642,642 DEBUG    [ac_db.py:697] 00000000 00000001 00010001 10000111 00100000 00010111 01100000 00000000 11000000 00000000 00000000 00100000 00000000 00010000 00000000 00000000 01011110 10101101 00000000 00000000 00000000 00000000 00000000
2020-05-29 15:32:54,940,940 DEBUG    [ac_db.py:697] 00000000 00000001 00010001 10000111 00100000 00010111 01100000 00000000 11000000 00000000 00000000 00100000 00000000 00010000 00000000 00000000 01011110 10101101 00000000 00000000 00000000 00000000 00000000
2020-05-29 15:33:01,333,333 DEBUG    [ac_db.py:697] 00000000 00000001 00010001 10000111 00100000 00010111 01100000 00000000 11000000 00000000 00000000 00100000 00000000 00010000 00000000 00000000 01011110 10101101 00110110 10000101 00110100 00010001 00001001
2020-05-29 15:33:07,624,624 DEBUG    [ac_db.py:697] 00000000 00000001 00010001 10000111 00100000 00010111 01100000 00000000 11000000 00000000 00000000 00100000 00000000 00010000 00000000 00000000 01011110 10101101 00000000 00000000 00000000 00000000 00000000
2020-05-29 15:33:13,928,928 DEBUG    [ac_db.py:697] 00000000 00000001 00010001 10000111 00100000 00011000 01100000 00000000 11000000 00000000 00000000 00100000 00000000 00010000 00000000 00000000 01011101 10101101 00000000 00000000 00000000 00000000 00000000
2020-05-29 15:33:21,449,449 DEBUG    [ac_db.py:697] 00000000 00000001 00010001 10000111 00100000 00011000 01100000 00000000 10000000 00000000 00000000 00100000 00000000 00010000 00000000 00000000 01011101 11101101 11101010 00011000 00001011 11110100 11101110
2020-05-29 15:33:49,296,296 DEBUG    [ac_db.py:697] 00000000 00000001 00010001 10000111 00100000 00011000 01100000 00000000 10000000 00000000 00000000 00100000 00000000 00010000 00000000 00000000 01011101 11101101 00000000 00000000 00000000 00000000 00000000
2020-05-29 15:34:14,006,6 DEBUG    [ac_db.py:697] 00000000 00000001 00010001 10000111 00100000 00011001 01100000 00000000 10000000 00000000 00000000 00100000 00000000 00010000 00000000 00000000 01011100 11101101 00000000 00000000 00000000 00000000 00000000
2020-05-29 15:34:20,310,310 DEBUG    [ac_db.py:697] 00000000 00000001 00010001 10000111 00100000 00011001 01100000 00000000 10000000 00000000 00000000 00100000 00000000 00010000 00000000 00000000 01011100 11101101 00000000 00000000 00000000 00000000 00000000
2020-05-29 15:34:26,610,610 DEBUG    [ac_db.py:697] 00000000 00000001 00010001 10000111 00100000 00011001 01100000 00000000 10000000 00000000 00000000 00100000 00000000 00010000 00000000 00000000 01011100 11101101 00000000 00000000 00000000 00000000 00000000
2020-05-29 15:34:32,918,918 DEBUG    [ac_db.py:697] 00000000 00000001 00010001 10000111 00100000 00011001 01100000 00000000 10000000 00000000 00000000 00100000 00000000 00010000 00000000 00000000 01011100 11101101 00000000 00000000 00000000 00000000 00000000
2020-05-29 15:34:39,229,229 DEBUG    [ac_db.py:697] 00000000 00000001 00010001 10000111 00100000 00011001 01100000 00000000 10000000 00000000 00000000 00100000 00000000 00010000 00000000 00000000 01011100 11101101 00000000 00000000 00000000 00000000 00000000
2020-05-29 15:34:45,527,527 DEBUG    [ac_db.py:697] 00000000 00000001 00010001 10000111 00100000 00011001 01100000 00000000 10000000 00000000 00000000 00100000 00000000 00010000 00000000 00000000 01011100 11101101 00000000 00000000 00000000 00000000 00000000
2020-05-29 15:34:51,827,827 DEBUG    [ac_db.py:697] 00000000 00000001 00010001 10000111 00100000 00011001 01100000 00000000 10000000 00000000 00000000 00100000 00000000 00010000 00000000 00000000 01011100 11101101 00000000 00000000 00000000 00000000 00000000
2020-05-29 15:34:58,141,141 DEBUG    [ac_db.py:697] 00000000 00000001 00010001 10000111 00100000 00011001 01100000 00000000 10000000 00000000 00000000 00100000 00000000 00010000 00000000 00000000 01011100 11101101 00000000 00000000 00000000 00000000 00000000
2020-05-29 15:35:04,437,437 DEBUG    [ac_db.py:697] 00000000 00000001 00010001 10000111 00100000 00011001 01100000 00000000 10000000 00000000 00000000 00100000 00000000 00010000 00000000 00000000 01011100 11101101 00000000 00000000 00000000 00000000 00000000
2020-05-29 15:35:10,735,735 DEBUG    [ac_db.py:697] 00000000 00000001 00010001 10000111 00100000 00011010 01100000 00000000 10000000 00000000 00000000 00100000 00000000 00010000 00000000 00000000 01011011 11101101 00000000 00000000 00000000 00000000 00000000
2020-05-29 15:35:17,159,159 DEBUG    [ac_db.py:697] 00000000 00000001 00010001 10000111 00100000 00011010 01100000 00000000 10000000 00000000 00000000 00100000 00000000 00010000 00000000 00000000 01011011 11101101 11101101 00100111 01010001 00001110 10101010
2020-05-29 15:35:23,455,455 DEBUG    [ac_db.py:697] 00000000 00000001 00010001 10000111 00100000 00011010 01100000 00000000 10000000 00000000 00000000 00100000 00000000 00010000 00000000 00000000 01011011 11101101 00000000 00000000 00000000 00000000 00000000
2020-05-29 15:35:30,756,756 DEBUG    [ac_db.py:697] 00000000 00000001 00010001 10000111 00100000 00011010 01100000 00000000 10000000 00000000 00000000 00100000 00000000 00010000 00000000 00000000 01011011 11101101 00000000 00000000 00000000 00000000 00000000
2020-05-29 15:35:37,149,149 DEBUG    [ac_db.py:697] 00000000 00000001 00010001 10000111 00100000 00011010 01100000 00000000 10000000 00000000 00000000 00100000 00000000 00010000 00000000 00000000 01011011 11101101 11000000 01010010 00100101 11111110 10110011
2020-05-29 15:35:43,448,448 DEBUG    [ac_db.py:697] 00000000 00000001 00010001 10000111 00100000 00011010 01100000 00000000 10000000 00000000 00000000 00100000 00000000 00010000 00000000 00000000 01011011 11101101 00000000 00000000 00000000 00000000 00000000
2020-05-29 15:35:49,752,752 DEBUG    [ac_db.py:697] 00000000 00000001 00010001 10000111 00100000 00011010 01100000 00000000 10000000 00000000 00000000 00100000 00000000 00010000 00000000 00000000 01011011 11101101 00000000 00000000 00000000 00000000 00000000
2020-05-29 15:35:56,048,48 DEBUG    [ac_db.py:697] 00000000 00000001 00010001 10000111 00100000 00011010 01100000 00000000 10000000 00000000 00000000 00100000 00000000 00010000 00000000 00000000 01011011 11101101 00000000 00000000 00000000 00000000 00000000
2020-05-29 15:36:02,544,544 DEBUG    [ac_db.py:697] 00000000 00000001 00010001 10000111 00100000 00011010 01100000 00000000 10000000 00000000 00000000 00100000 00000000 00010000 00000000 00000000 01011011 11101101 01111100 10111000 00001110 11011100 10011010
2020-05-29 15:36:08,844,844 DEBUG    [ac_db.py:697] 00000000 00000001 00010001 10000111 00100000 00011010 01100000 00000000 10000000 00000000 00000000 00100000 00000000 00010000 00000000 00000000 01011011 11101101 00000000 00000000 00000000 00000000 00000000
2020-05-29 15:36:15,146,146 DEBUG    [ac_db.py:697] 00000000 00000001 00010001 10000111 00100000 00011011 01100000 00000000 10000000 00000000 00000000 00100000 00000000 00010000 00000000 00000000 01011010 11101101 00000000 00000000 00000000 00000000 00000000
2020-05-29 15:36:21,443,443 DEBUG    [ac_db.py:697] 00000000 00000001 00010001 10000111 00100000 00011011 01100000 00000000 10000000 00000000 00000000 00100000 00000000 00010000 00000000 00000000 01011010 11101101 00000000 00000000 00000000 00000000 00000000
2020-05-29 15:36:27,739,739 DEBUG    [ac_db.py:697] 00000000 00000001 00010001 10000111 00100000 00011011 01100000 00000000 10000000 00000000 00000000 00100000 00000000 00010000 00000000 00000000 01011010 11101101 00000000 00000000 00000000 00000000 00000000
2020-05-29 15:36:34,050,50 DEBUG    [ac_db.py:697] 00000000 00000001 00010001 10000111 00100000 00011011 01100000 00000000 10000000 00000000 00000000 00100000 00000000 00010000 00000000 00000000 01011010 11101101 00000000 00000000 00000000 00000000 00000000
2020-05-29 15:36:46,665,665 DEBUG    [ac_db.py:697] 00000000 00000001 00010001 10000111 00100000 00011011 01100000 00000000 10000000 00000000 00000000 00100000 00000000 00010000 00000000 00000000 01011010 11101101 00000000 00000000 00000000 00000000 00000000
2020-05-29 15:36:52,964,964 DEBUG    [ac_db.py:697] 00000000 00000001 00010001 10000111 00100000 00011011 01100000 00000000 10000000 00000000 00000000 00100000 00000000 00010000 00000000 00000000 01011010 11101101 00000000 00000000 00000000 00000000 00000000
2020-05-29 15:36:59,258,258 DEBUG    [ac_db.py:697] 00000000 00000001 00010001 10000111 00100000 00011011 01100000 00000000 10000000 00000000 00000000 00100000 00000000 00010000 00000000 00000000 01011010 11101101 00000000 00000000 00000000 00000000 00000000
2020-05-29 15:37:05,559,559 DEBUG    [ac_db.py:697] 00000000 00000001 00010001 10000111 00100000 00011011 01100000 00000000 10000000 00000000 00000000 00100000 00000000 00010000 00000000 00000000 01011010 11101101 00000000 00000000 00000000 00000000 00000000
2020-05-29 15:37:11,854,854 DEBUG    [ac_db.py:697] 00000000 00000001 00010001 10000111 00100000 00011100 01100000 00000000 10000000 00000000 00000000 00100000 00000000 00010000 00000000 00000000 01011001 11101101 00000000 00000000 00000000 00000000 00000000
2020-05-29 15:37:18,171,171 DEBUG    [ac_db.py:697] 00000000 00000001 00010001 10000111 00100000 00011100 01100000 00000000 10000000 00000000 00000000 00100000 00000000 00010000 00000000 00000000 01011001 11101101 00000000 00000000 00000000 00000000 00000000
2020-05-29 15:37:24,468,468 DEBUG    [ac_db.py:697] 00000000 00000001 00010001 10000111 00100000 00011100 01100000 00000000 10000000 00000000 00000000 00100000 00000000 00010000 00000000 00000000 01011001 11101101 00000000 00000000 00000000 00000000 00000000
2020-05-29 15:37:30,764,764 DEBUG    [ac_db.py:697] 00000000 00000001 00010001 10000111 00100000 00011100 01100000 00000000 10000000 00000000 00000000 00100000 00000000 00010000 00000000 00000000 01011001 11101101 00000000 00000000 00000000 00000000 00000000
2020-05-29 15:37:37,113,113 DEBUG    [ac_db.py:697] 00000000 00000001 00010001 10000111 00100000 00011100 01100000 00000000 10000000 00000000 00000000 00100000 00000000 00010000 00000000 00000000 01011001 11101101 01100100 11010011 01100101 10001100 00000011
2020-05-29 15:37:43,409,409 DEBUG    [ac_db.py:697] 00000000 00000001 00010001 10000111 00100000 00011100 01100000 00000000 10000000 00000000 00000000 00100000 00000000 00010000 00000000 00000000 01011001 11101101 00000000 00000000 00000000 00000000 00000000
2020-05-29 15:37:49,705,705 DEBUG    [ac_db.py:697] 00000000 00000001 00010001 10000111 00100000 00000000 01100000 00000000 11000000 00000000 00000000 00100000 00000000 00010000 00000000 00000000 01110101 10101101 00000000 00000000 00000000 00000000 00000000
2020-05-29 15:37:55,993,993 DEBUG    [ac_db.py:697] 00000000 00000001 00010001 10000111 00100000 00000000 01100000 00000000 11000000 00000000 00000000 00100000 00000000 00010000 00000000 00000000 01110101 10101101 00000000 00000000 00000000 00000000 00000000
2020-05-29 15:38:02,429,429 DEBUG    [ac_db.py:697] 00000000 00000001 00010001 10000111 00100000 00000000 01100000 00000000 11000000 00000000 00000000 00100000 00000000 00010000 00000000 00000000 01110101 10101101 00111100 00001101 11110000 00001101 10011100
2020-05-29 15:38:08,740,740 DEBUG    [ac_db.py:697] 00000000 00000001 00010001 10000111 00100000 00000001 01100000 00000000 11000000 00000000 00000000 00100000 00000000 00010000 00000000 00000000 01110100 10101101 00000000 00000000 00000000 00000000 00000000
2020-05-29 15:38:15,056,56 DEBUG    [ac_db.py:697] 00000000 00000001 00010001 10000111 00100000 00000001 01100000 00000000 11000000 00000000 00000000 00100000 00000000 00010000 00000000 00000000 01110100 10101101 00000000 00000000 00000000 00000000 00000000
2020-05-29 15:38:21,361,361 DEBUG    [ac_db.py:697] 00000000 00000001 00010001 10000111 00100000 00000001 01100000 00000000 11000000 00000000 00000000 00100000 00000000 00010000 00000000 00000000 01110100 10101101 00000000 00000000 00000000 00000000 00000000
2020-05-29 15:38:27,663,663 DEBUG    [ac_db.py:697] 00000000 00000001 00010001 10000111 00100000 00000001 01100000 00000000 11000000 00000000 00000000 00100000 00000000 00010000 00000000 00000000 01110100 10101101 00000000 00000000 00000000 00000000 00000000
2020-05-29 15:38:33,969,969 DEBUG    [ac_db.py:697] 00000000 00000001 00010001 10000111 00100000 00000001 01100000 00000000 11000000 00000000 00000000 00100000 00000000 00010000 00000000 00000000 01110100 10101101 00000000 00000000 00000000 00000000 00000000
2020-05-29 15:38:46,634,634 DEBUG    [ac_db.py:697] 00000000 00000001 00010001 10000111 00100000 00000001 01100000 00000000 11000000 00000000 00000000 00100000 00000000 00010000 00000000 00000000 01110100 10101101 00000000 00000000 00000000 00000000 00000000
2020-05-29 15:38:52,934,934 DEBUG    [ac_db.py:697] 00000000 00000001 00010001 10000111 00100000 00000001 01100000 00000000 11000000 00000000 00000000 00100000 00000000 00010000 00000000 00000000 01110100 10101101 11011001 11010011 10111000 00010100 10101110
2020-05-29 15:38:59,237,237 DEBUG    [ac_db.py:697] 00000000 00000001 00010001 10000111 00100000 00000001 01100000 00000000 11000000 00000000 00000000 00100000 00000000 00010000 00000000 00000000 01110100 10101101 00001111 10001000 11001111 01010111 00101001
2020-05-29 15:39:05,532,532 DEBUG    [ac_db.py:697] 00000000 00000001 00010001 10000111 00100000 00000001 01100000 00000000 11000000 00000000 00000000 00100000 00000000 00010000 00000000 00000000 01110100 10101101 01010011 01001101 01000010 00100101 00000000
2020-05-29 15:39:11,833,833 DEBUG    [ac_db.py:697] 00000000 00000001 00010001 10000111 00100000 00000010 01100000 00000000 11000000 00000000 00000000 00100000 00000000 00010000 00000000 00000000 01110011 10101101 01000011 01110010 01110011 11000000 01010100
2020-05-29 15:39:18,131,131 DEBUG    [ac_db.py:697] 00000000 00000001 00010001 10000111 00100000 00000010 01100000 00000000 11000000 00000000 00000000 00100000 00000000 00010000 00000000 00000000 01110011 10101101 00110011 01100101 00010001 11110101 01010110
2020-05-29 15:39:24,432,432 DEBUG    [ac_db.py:697] 00000000 00000001 00010001 10000111 00100000 00000010 01100000 00000000 11000000 00000000 00000000 00100000 00000000 00010000 00000000 00000000 01110011 10101101 00000000 00000000 00000000 00000000 00000000
2020-05-29 15:39:30,730,730 DEBUG    [ac_db.py:697] 00000000 00000001 00010001 10000111 00100000 00000010 01100000 00000000 11000000 00000000 00000000 00100000 00000000 00010000 00000000 00000000 01110011 10101101 00000000 00000000 00000000 00000000 00000000
2020-05-29 15:39:37,027,27 DEBUG    [ac_db.py:697] 00000000 00000001 00010001 10000111 00100000 00000010 01100000 00000000 11000000 00000000 00000000 00100000 00000000 00010000 00000000 00000000 01110011 10101101 00000000 00000000 00000000 00000000 00000000
2020-05-29 15:39:43,573,573 DEBUG    [ac_db.py:697] 00000000 00000001 00010001 10000111 00100000 00000010 01100000 00000000 11000000 00000000 00000000 00100000 00000000 00010000 00000000 00000000 01110011 10101101 10001100 11110111 00100011 11010000 01100011
2020-05-29 15:39:49,867,867 DEBUG    [ac_db.py:697] 00000000 00000001 00010001 10000111 00100000 00000010 01100000 00000000 11000000 00000000 00000000 00100000 00000000 00010000 00000000 00000000 01110011 10101101 00000000 00000000 00000000 00000000 00000000
2020-05-29 15:39:56,160,160 DEBUG    [ac_db.py:697] 00000000 00000001 00010001 10000111 00100000 00000010 01100000 00000000 11000000 00000000 00000000 00100000 00000000 00010000 00000000 00000000 01110011 10101101 00000000 00000000 00000000 00000000 00000000
2020-05-29 15:40:02,462,462 DEBUG    [ac_db.py:697] 00000000 00000001 00010001 10000111 00100000 00000010 01100000 00000000 11000000 00000000 00000000 00100000 00000000 00010000 00000000 00000000 01110011 10101101 00000000 00000000 00000000 00000000 00000000
2020-05-29 15:40:08,862,862 DEBUG    [ac_db.py:697] 00000000 00000001 00010001 10000111 00100000 00000011 01100000 00000000 11000000 00000000 00000000 00100000 00000000 00010000 00000000 00000000 01110010 10101101 01010010 00010010 10100001 00111011 11001001
2020-05-29 15:40:15,166,166 DEBUG    [ac_db.py:697] 00000000 00000001 00010001 10000111 00100000 00000011 01100000 00000000 11000000 00000000 00000000 00100000 00000000 00010000 00000000 00000000 01110010 10101101 00000000 00000000 00000000 00000000 00000000
2020-05-29 15:40:21,498,498 DEBUG    [ac_db.py:697] 00000000 00000001 00010001 10000111 00100000 00000011 01100000 00000000 11000000 00000000 00000000 00100000 00000000 00010000 00000000 00000000 01110010 10101101 00000000 00000000 00000000 00000000 00000000
2020-05-29 15:40:27,801,801 DEBUG    [ac_db.py:697] 00000000 00000001 00010001 10000111 00100000 00000011 01100000 00000000 11000000 00000000 00000000 00100000 00000000 00010000 00000000 00000000 01110010 10101101 00000000 00000000 00000000 00000000 00000000
2020-05-29 15:40:34,097,97 DEBUG    [ac_db.py:697] 00000000 00000001 00010001 10000111 00100000 00000011 01100000 00000000 11000000 00000000 00000000 00100000 00000000 00010000 00000000 00000000 01110010 10101101 00000000 00000000 00000000 00000000 00000000
2020-05-29 15:40:40,398,398 DEBUG    [ac_db.py:697] 00000000 00000001 00010001 10000111 00100000 00000011 01100000 00000000 11000000 00000000 00000000 00100000 00000000 00010000 00000000 00000000 01110010 10101101 00000000 00000000 00000000 00000000 00000000
2020-05-29 15:40:46,697,697 DEBUG    [ac_db.py:697] 00000000 00000001 00010001 10000111 00100000 00000011 01100000 00000000 11000000 00000000 00000000 00100000 00000000 00010000 00000000 00000000 01110010 10101101 00000000 00000000 00000000 00000000 00000000
2020-05-29 15:40:53,001,1 DEBUG    [ac_db.py:697] 00000000 00000001 00010001 10000111 00100000 00000011 01100000 00000000 11000000 00000000 00000000 00100000 00000000 00010000 00000000 00000000 01110010 10101101 00000000 00000000 00000000 00000000 00000000
2020-05-29 15:40:59,297,297 DEBUG    [ac_db.py:697] 00000000 00000001 00010001 10000111 00100000 00000011 01100000 00000000 11000000 00000000 00000000 00100000 00000000 00010000 00000000 00000000 01110010 10101101 00000000 00000000 00000000 00000000 00000000
2020-05-29 15:41:05,599,599 DEBUG    [ac_db.py:697] 00000000 00000001 00010001 10000111 00100000 00000011 01100000 00000000 11000000 00000000 00000000 00100000 00000000 00010000 00000000 00000000 01110010 10101101 00000000 00000000 00000000 00000000 00000000
2020-05-29 15:41:11,908,908 DEBUG    [ac_db.py:697] 00000000 00000001 00010001 10000111 00100000 00000100 01100000 00000000 11000000 00000000 00000000 00100000 00000000 00010000 00000000 00000000 01110001 10101101 00000000 00000000 00000000 00000000 00000000
2020-05-29 15:41:18,211,211 DEBUG    [ac_db.py:697] 00000000 00000001 00010001 10000111 00100000 00000100 01100000 00000000 11000000 00000000 00000000 00100000 00000000 00010000 00000000 00000000 01110001 10101101 00000000 00000000 00000000 00000000 00000000
2020-05-29 15:41:24,512,512 DEBUG    [ac_db.py:697] 00000000 00000001 00010001 10000111 00100000 00000100 01100000 00000000 11000000 00000000 00000000 00100000 00000000 00010000 00000000 00000000 01110001 10101101 00000000 00000000 00000000 00000000 00000000
2020-05-29 15:41:30,815,815 DEBUG    [ac_db.py:697] 00000000 00000001 00010001 10000111 00100000 00000100 01100000 00000000 11000000 00000000 00000000 00100000 00000000 00010000 00000000 00000000 01110001 10101101 00000000 00000000 00000000 00000000 00000000
2020-05-29 15:41:37,108,108 DEBUG    [ac_db.py:697] 00000000 00000001 00010001 10000111 00100000 00000100 01100000 00000000 11000000 00000000 00000000 00100000 00000000 00010000 00000000 00000000 01110001 10101101 00000000 00000000 00000000 00000000 00000000
